   f   ,G_stor ,G_loss 
  Hz   ,  GPa  ,  GPa  
1.0000e-04,5.8753e-07,9.9652e-05
1.0351e-04,6.2142e-07,1.0315e-04
1.0715e-04,6.5728e-07,1.0676e-04
1.1092e-04,6.9520e-07,1.1051e-04
1.1482e-04,7.3531e-07,1.1438e-04
1.1885e-04,7.7774e-07,1.1839e-04
1.2303e-04,8.2261e-07,1.2254e-04
1.2735e-04,8.7007e-07,1.2684e-04
1.3183e-04,9.2027e-07,1.3128e-04
1.3646e-04,9.7337e-07,1.3588e-04
1.4125e-04,1.0295e-06,1.4064e-04
1.4622e-04,1.0889e-06,1.4557e-04
1.5136e-04,1.1518e-06,1.5067e-04
1.5668e-04,1.2182e-06,1.5595e-04
1.6218e-04,1.2885e-06,1.6142e-04
1.6788e-04,1.3629e-06,1.6707e-04
1.7378e-04,1.4415e-06,1.7293e-04
1.7989e-04,1.5247e-06,1.7898e-04
1.8621e-04,1.6126e-06,1.8525e-04
1.9275e-04,1.7057e-06,1.9174e-04
1.9953e-04,1.8041e-06,1.9846e-04
2.0654e-04,1.9082e-06,2.0541e-04
2.1380e-04,2.0183e-06,2.1260e-04
2.2131e-04,2.1348e-06,2.2004e-04
2.2909e-04,2.2579e-06,2.2775e-04
2.3714e-04,2.3882e-06,2.3572e-04
2.4547e-04,2.5260e-06,2.4397e-04
2.5410e-04,2.6718e-06,2.5251e-04
2.6303e-04,2.8259e-06,2.6135e-04
2.7227e-04,2.9889e-06,2.7050e-04
2.8184e-04,3.1614e-06,2.7996e-04
2.9174e-04,3.3438e-06,2.8976e-04
3.0200e-04,3.5367e-06,2.9990e-04
3.1261e-04,3.7407e-06,3.1039e-04
3.2359e-04,3.9565e-06,3.2125e-04
3.3497e-04,4.1848e-06,3.3248e-04
3.4674e-04,4.4262e-06,3.4411e-04
3.5892e-04,4.6815e-06,3.5614e-04
3.7154e-04,4.9516e-06,3.6860e-04
3.8459e-04,5.2372e-06,3.8148e-04
3.9811e-04,5.5393e-06,3.9482e-04
4.1210e-04,5.8588e-06,4.0862e-04
4.2658e-04,6.1967e-06,4.2290e-04
4.4157e-04,6.5541e-06,4.3768e-04
4.5709e-04,6.9322e-06,4.5297e-04
4.7315e-04,7.3319e-06,4.6879e-04
4.8978e-04,7.7548e-06,4.8517e-04
5.0699e-04,8.2020e-06,5.0211e-04
5.2481e-04,8.6749e-06,5.1964e-04
5.4325e-04,9.1752e-06,5.3779e-04
5.6234e-04,9.7042e-06,5.5656e-04
5.8210e-04,1.0264e-05,5.7599e-04
6.0256e-04,1.0855e-05,5.9609e-04
6.2373e-04,1.1481e-05,6.1689e-04
6.4565e-04,1.2143e-05,6.3841e-04
6.6834e-04,1.2843e-05,6.6068e-04
6.9183e-04,1.3583e-05,6.8372e-04
7.1614e-04,1.4366e-05,7.0757e-04
7.4131e-04,1.5194e-05,7.3223e-04
7.6736e-04,1.6070e-05,7.5776e-04
7.9433e-04,1.6996e-05,7.8417e-04
8.2224e-04,1.7975e-05,8.1149e-04
8.5114e-04,1.9011e-05,8.3976e-04
8.8105e-04,2.0106e-05,8.6901e-04
9.1201e-04,2.1264e-05,8.9927e-04
9.4406e-04,2.2489e-05,9.3058e-04
9.7724e-04,2.3784e-05,9.6297e-04
1.0116e-03,2.5154e-05,9.9649e-04
1.0471e-03,2.6602e-05,1.0312e-03
1.0839e-03,2.8134e-05,1.0670e-03
1.1220e-03,2.9753e-05,1.1041e-03
1.1614e-03,3.1466e-05,1.1425e-03
1.2023e-03,3.3277e-05,1.1822e-03
1.2445e-03,3.5192e-05,1.2233e-03
1.2882e-03,3.7217e-05,1.2658e-03
1.3335e-03,3.9358e-05,1.3098e-03
1.3804e-03,4.1622e-05,1.3553e-03
1.4289e-03,4.4016e-05,1.4023e-03
1.4791e-03,4.6547e-05,1.4510e-03
1.5311e-03,4.9223e-05,1.5013e-03
1.5849e-03,5.2053e-05,1.5534e-03
1.6406e-03,5.5045e-05,1.6072e-03
1.6982e-03,5.8208e-05,1.6629e-03
1.7579e-03,6.1552e-05,1.7205e-03
1.8197e-03,6.5088e-05,1.7801e-03
1.8836e-03,6.8826e-05,1.8418e-03
1.9498e-03,7.2779e-05,1.9055e-03
2.0184e-03,7.6957e-05,1.9714e-03
2.0893e-03,8.1374e-05,2.0396e-03
2.1627e-03,8.6044e-05,2.1101e-03
2.2387e-03,9.0980e-05,2.1830e-03
2.3174e-03,9.6198e-05,2.2584e-03
2.3988e-03,1.0171e-04,2.3364e-03
2.4831e-03,1.0755e-04,2.4171e-03
2.5704e-03,1.1371e-04,2.5004e-03
2.6607e-03,1.2022e-04,2.5867e-03
2.7542e-03,1.2711e-04,2.6758e-03
2.8510e-03,1.3439e-04,2.7680e-03
2.9512e-03,1.4208e-04,2.8633e-03
3.0549e-03,1.5021e-04,2.9619e-03
3.1623e-03,1.5881e-04,3.0637e-03
3.2734e-03,1.6789e-04,3.1691e-03
3.3884e-03,1.7749e-04,3.2780e-03
3.5075e-03,1.8763e-04,3.3905e-03
3.6308e-03,1.9835e-04,3.5069e-03
3.7584e-03,2.0968e-04,3.6272e-03
3.8905e-03,2.2165e-04,3.7515e-03
4.0272e-03,2.3429e-04,3.8800e-03
4.1687e-03,2.4766e-04,4.0129e-03
4.3152e-03,2.6178e-04,4.1502e-03
4.4668e-03,2.7669e-04,4.2920e-03
4.6238e-03,2.9245e-04,4.4387e-03
4.7863e-03,3.0910e-04,4.5902e-03
4.9545e-03,3.2669e-04,4.7468e-03
5.1286e-03,3.4527e-04,4.9086e-03
5.3088e-03,3.6490e-04,5.0758e-03
5.4954e-03,3.8563e-04,5.2486e-03
5.6885e-03,4.0752e-04,5.4270e-03
5.8884e-03,4.3065e-04,5.6114e-03
6.0954e-03,4.5507e-04,5.8019e-03
6.3096e-03,4.8086e-04,5.9987e-03
6.5313e-03,5.0810e-04,6.2019e-03
6.7608e-03,5.3686e-04,6.4118e-03
6.9984e-03,5.6722e-04,6.6287e-03
7.2444e-03,5.9928e-04,6.8526e-03
7.4989e-03,6.3313e-04,7.0838e-03
7.7625e-03,6.6886e-04,7.3226e-03
8.0353e-03,7.0658e-04,7.5691e-03
8.3176e-03,7.4639e-04,7.8237e-03
8.6099e-03,7.8841e-04,8.0865e-03
8.9125e-03,8.3276e-04,8.3578e-03
9.2257e-03,8.7956e-04,8.6378e-03
9.5499e-03,9.2895e-04,8.9269e-03
9.8855e-03,9.8106e-04,9.2252e-03
1.0233e-02,1.0360e-03,9.5330e-03
1.0593e-02,1.0940e-03,9.8507e-03
1.0965e-02,1.1552e-03,1.0178e-02
1.1350e-02,1.2198e-03,1.0517e-02
1.1749e-02,1.2878e-03,1.0865e-02
1.2162e-02,1.3596e-03,1.1225e-02
1.2589e-02,1.4353e-03,1.1596e-02
1.3032e-02,1.5151e-03,1.1979e-02
1.3490e-02,1.5993e-03,1.2374e-02
1.3964e-02,1.6880e-03,1.2781e-02
1.4454e-02,1.7815e-03,1.3200e-02
1.4962e-02,1.8800e-03,1.3633e-02
1.5488e-02,1.9838e-03,1.4078e-02
1.6032e-02,2.0932e-03,1.4537e-02
1.6596e-02,2.2085e-03,1.5011e-02
1.7179e-02,2.3299e-03,1.5498e-02
1.7783e-02,2.4578e-03,1.6000e-02
1.8408e-02,2.5925e-03,1.6518e-02
1.9055e-02,2.7343e-03,1.7050e-02
1.9724e-02,2.8836e-03,1.7599e-02
2.0417e-02,3.0408e-03,1.8163e-02
2.1135e-02,3.2062e-03,1.8745e-02
2.1878e-02,3.3802e-03,1.9343e-02
2.2646e-02,3.5634e-03,1.9958e-02
2.3442e-02,3.7561e-03,2.0591e-02
2.4266e-02,3.9587e-03,2.1242e-02
2.5119e-02,4.1718e-03,2.1912e-02
2.6002e-02,4.3958e-03,2.2600e-02
2.6915e-02,4.6314e-03,2.3308e-02
2.7861e-02,4.8789e-03,2.4035e-02
2.8840e-02,5.1390e-03,2.4782e-02
2.9854e-02,5.4122e-03,2.5550e-02
3.0903e-02,5.6992e-03,2.6338e-02
3.1989e-02,6.0006e-03,2.7147e-02
3.3113e-02,6.3170e-03,2.7978e-02
3.4277e-02,6.6491e-03,2.8831e-02
3.5481e-02,6.9976e-03,2.9705e-02
3.6728e-02,7.3632e-03,3.0602e-02
3.8019e-02,7.7466e-03,3.1522e-02
3.9355e-02,8.1487e-03,3.2465e-02
4.0738e-02,8.5701e-03,3.3431e-02
4.2170e-02,9.0118e-03,3.4421e-02
4.3652e-02,9.4746e-03,3.5434e-02
4.5186e-02,9.9592e-03,3.6472e-02
4.6774e-02,1.0467e-02,3.7533e-02
4.8417e-02,1.0998e-02,3.8620e-02
5.0119e-02,1.1554e-02,3.9731e-02
5.1880e-02,1.2135e-02,4.0866e-02
5.3703e-02,1.2743e-02,4.2026e-02
5.5590e-02,1.3379e-02,4.3212e-02
5.7544e-02,1.4043e-02,4.4422e-02
5.9566e-02,1.4736e-02,4.5657e-02
6.1660e-02,1.5461e-02,4.6917e-02
6.3826e-02,1.6217e-02,4.8202e-02
6.6069e-02,1.7006e-02,4.9512e-02
6.8391e-02,1.7829e-02,5.0846e-02
7.0795e-02,1.8686e-02,5.2204e-02
7.3282e-02,1.9580e-02,5.3587e-02
7.5858e-02,2.0512e-02,5.4993e-02
7.8524e-02,2.1481e-02,5.6423e-02
8.1283e-02,2.2490e-02,5.7876e-02
8.4140e-02,2.3540e-02,5.9352e-02
8.7096e-02,2.4631e-02,6.0850e-02
9.0157e-02,2.5766e-02,6.2369e-02
9.3325e-02,2.6944e-02,6.3909e-02
9.6605e-02,2.8168e-02,6.5470e-02
1.0000e-01,2.9437e-02,6.7050e-02
1.0351e-01,3.0754e-02,6.8650e-02
1.0715e-01,3.2120e-02,7.0267e-02
1.1092e-01,3.3534e-02,7.1901e-02
1.1482e-01,3.4999e-02,7.3551e-02
1.1885e-01,3.6515e-02,7.5217e-02
1.2303e-01,3.8083e-02,7.6896e-02
1.2735e-01,3.9705e-02,7.8589e-02
1.3183e-01,4.1380e-02,8.0293e-02
1.3646e-01,4.3110e-02,8.2008e-02
1.4125e-01,4.4895e-02,8.3732e-02
1.4622e-01,4.6737e-02,8.5464e-02
1.5136e-01,4.8635e-02,8.7203e-02
1.5668e-01,5.0590e-02,8.8947e-02
1.6218e-01,5.2604e-02,9.0694e-02
1.6788e-01,5.4675e-02,9.2443e-02
1.7378e-01,5.6805e-02,9.4194e-02
1.7989e-01,5.8993e-02,9.5943e-02
1.8621e-01,6.1241e-02,9.7689e-02
1.9275e-01,6.3548e-02,9.9432e-02
1.9953e-01,6.5913e-02,1.0117e-01
2.0654e-01,6.8338e-02,1.0290e-01
2.1380e-01,7.0822e-02,1.0462e-01
2.2131e-01,7.3364e-02,1.0633e-01
2.2909e-01,7.5965e-02,1.0802e-01
2.3714e-01,7.8624e-02,1.0971e-01
2.4547e-01,8.1340e-02,1.1138e-01
2.5410e-01,8.4113e-02,1.1303e-01
2.6303e-01,8.6942e-02,1.1466e-01
2.7227e-01,8.9827e-02,1.1627e-01
2.8184e-01,9.2766e-02,1.1786e-01
2.9174e-01,9.5759e-02,1.1942e-01
3.0200e-01,9.8805e-02,1.2096e-01
3.1261e-01,1.0190e-01,1.2248e-01
3.2359e-01,1.0505e-01,1.2396e-01
3.3497e-01,1.0825e-01,1.2542e-01
3.4674e-01,1.1149e-01,1.2685e-01
3.5892e-01,1.1479e-01,1.2824e-01
3.7154e-01,1.1812e-01,1.2961e-01
3.8459e-01,1.2151e-01,1.3094e-01
3.9811e-01,1.2493e-01,1.3223e-01
4.1210e-01,1.2840e-01,1.3349e-01
4.2658e-01,1.3190e-01,1.3471e-01
4.4157e-01,1.3544e-01,1.3590e-01
4.5709e-01,1.3902e-01,1.3705e-01
4.7315e-01,1.4264e-01,1.3816e-01
4.8978e-01,1.4628e-01,1.3923e-01
5.0699e-01,1.4996e-01,1.4026e-01
5.2481e-01,1.5367e-01,1.4125e-01
5.4325e-01,1.5740e-01,1.4220e-01
5.6234e-01,1.6116e-01,1.4311e-01
5.8210e-01,1.6495e-01,1.4398e-01
6.0256e-01,1.6876e-01,1.4481e-01
6.2373e-01,1.7258e-01,1.4560e-01
6.4565e-01,1.7643e-01,1.4635e-01
6.6834e-01,1.8030e-01,1.4706e-01
6.9183e-01,1.8418e-01,1.4772e-01
7.1614e-01,1.8808e-01,1.4835e-01
7.4131e-01,1.9199e-01,1.4894e-01
7.6736e-01,1.9591e-01,1.4949e-01
7.9433e-01,1.9984e-01,1.4999e-01
8.2224e-01,2.0379e-01,1.5047e-01
8.5114e-01,2.0773e-01,1.5090e-01
8.8105e-01,2.1169e-01,1.5129e-01
9.1201e-01,2.1565e-01,1.5165e-01
9.4406e-01,2.1961e-01,1.5197e-01
9.7724e-01,2.2357e-01,1.5226e-01
1.0116e+00,2.2754e-01,1.5251e-01
1.0471e+00,2.3150e-01,1.5272e-01
1.0839e+00,2.3546e-01,1.5291e-01
1.1220e+00,2.3943e-01,1.5306e-01
1.1614e+00,2.4338e-01,1.5317e-01
1.2023e+00,2.4734e-01,1.5326e-01
1.2445e+00,2.5128e-01,1.5331e-01
1.2882e+00,2.5522e-01,1.5334e-01
1.3335e+00,2.5916e-01,1.5334e-01
1.3804e+00,2.6309e-01,1.5330e-01
1.4289e+00,2.6700e-01,1.5324e-01
1.4791e+00,2.7091e-01,1.5316e-01
1.5311e+00,2.7481e-01,1.5305e-01
1.5849e+00,2.7870e-01,1.5291e-01
1.6406e+00,2.8258e-01,1.5275e-01
1.6982e+00,2.8644e-01,1.5256e-01
1.7579e+00,2.9029e-01,1.5236e-01
1.8197e+00,2.9413e-01,1.5213e-01
1.8836e+00,2.9796e-01,1.5188e-01
1.9498e+00,3.0177e-01,1.5161e-01
2.0184e+00,3.0557e-01,1.5132e-01
2.0893e+00,3.0936e-01,1.5101e-01
2.1627e+00,3.1313e-01,1.5068e-01
2.2387e+00,3.1688e-01,1.5034e-01
2.3174e+00,3.2063e-01,1.4998e-01
2.3988e+00,3.2435e-01,1.4960e-01
2.4831e+00,3.2806e-01,1.4921e-01
2.5704e+00,3.3175e-01,1.4880e-01
2.6607e+00,3.3543e-01,1.4838e-01
2.7542e+00,3.3909e-01,1.4794e-01
2.8510e+00,3.4273e-01,1.4749e-01
2.9512e+00,3.4636e-01,1.4703e-01
3.0549e+00,3.4997e-01,1.4656e-01
3.1623e+00,3.5356e-01,1.4608e-01
3.2734e+00,3.5714e-01,1.4558e-01
3.3884e+00,3.6070e-01,1.4508e-01
3.5075e+00,3.6424e-01,1.4456e-01
3.6308e+00,3.6777e-01,1.4404e-01
3.7584e+00,3.7127e-01,1.4351e-01
3.8905e+00,3.7477e-01,1.4297e-01
4.0272e+00,3.7824e-01,1.4242e-01
4.1687e+00,3.8169e-01,1.4186e-01
4.3152e+00,3.8513e-01,1.4130e-01
4.4668e+00,3.8855e-01,1.4073e-01
4.6238e+00,3.9196e-01,1.4015e-01
4.7863e+00,3.9534e-01,1.3957e-01
4.9545e+00,3.9871e-01,1.3898e-01
5.1286e+00,4.0206e-01,1.3839e-01
5.3088e+00,4.0540e-01,1.3779e-01
5.4954e+00,4.0871e-01,1.3719e-01
5.6885e+00,4.1201e-01,1.3658e-01
5.8884e+00,4.1529e-01,1.3597e-01
6.0954e+00,4.1856e-01,1.3535e-01
6.3096e+00,4.2181e-01,1.3473e-01
6.5313e+00,4.2504e-01,1.3411e-01
6.7608e+00,4.2825e-01,1.3349e-01
6.9984e+00,4.3144e-01,1.3286e-01
7.2444e+00,4.3462e-01,1.3223e-01
7.4989e+00,4.3778e-01,1.3160e-01
7.7625e+00,4.4093e-01,1.3096e-01
8.0353e+00,4.4406e-01,1.3033e-01
8.3176e+00,4.4717e-01,1.2969e-01
8.6099e+00,4.5026e-01,1.2905e-01
8.9125e+00,4.5334e-01,1.2841e-01
9.2257e+00,4.5640e-01,1.2776e-01
9.5499e+00,4.5944e-01,1.2712e-01
9.8855e+00,4.6246e-01,1.2647e-01
1.0233e+01,4.6547e-01,1.2583e-01
1.0593e+01,4.6847e-01,1.2518e-01
1.0965e+01,4.7144e-01,1.2454e-01
1.1350e+01,4.7440e-01,1.2389e-01
1.1749e+01,4.7735e-01,1.2324e-01
1.2162e+01,4.8027e-01,1.2260e-01
1.2589e+01,4.8318e-01,1.2195e-01
1.3032e+01,4.8608e-01,1.2130e-01
1.3490e+01,4.8895e-01,1.2066e-01
1.3964e+01,4.9182e-01,1.2001e-01
1.4454e+01,4.9466e-01,1.1937e-01
1.4962e+01,4.9749e-01,1.1872e-01
1.5488e+01,5.0030e-01,1.1808e-01
1.6032e+01,5.0310e-01,1.1743e-01
1.6596e+01,5.0588e-01,1.1679e-01
1.7179e+01,5.0865e-01,1.1615e-01
1.7783e+01,5.1139e-01,1.1551e-01
1.8408e+01,5.1413e-01,1.1487e-01
1.9055e+01,5.1685e-01,1.1423e-01
1.9724e+01,5.1955e-01,1.1360e-01
2.0417e+01,5.2223e-01,1.1296e-01
2.1135e+01,5.2490e-01,1.1233e-01
2.1878e+01,5.2756e-01,1.1170e-01
2.2646e+01,5.3020e-01,1.1107e-01
2.3442e+01,5.3282e-01,1.1044e-01
2.4266e+01,5.3543e-01,1.0981e-01
2.5119e+01,5.3802e-01,1.0919e-01
2.6002e+01,5.4060e-01,1.0856e-01
2.6915e+01,5.4316e-01,1.0794e-01
2.7861e+01,5.4570e-01,1.0732e-01
2.8840e+01,5.4824e-01,1.0671e-01
2.9854e+01,5.5075e-01,1.0609e-01
3.0903e+01,5.5325e-01,1.0548e-01
3.1989e+01,5.5574e-01,1.0487e-01
3.3113e+01,5.5821e-01,1.0426e-01
3.4277e+01,5.6067e-01,1.0366e-01
3.5481e+01,5.6311e-01,1.0305e-01
3.6728e+01,5.6553e-01,1.0245e-01
3.8019e+01,5.6794e-01,1.0185e-01
3.9355e+01,5.7034e-01,1.0126e-01
4.0738e+01,5.7272e-01,1.0067e-01
4.2170e+01,5.7509e-01,1.0008e-01
4.3652e+01,5.7745e-01,9.9488e-02
4.5186e+01,5.7978e-01,9.8903e-02
4.6774e+01,5.8211e-01,9.8320e-02
4.8417e+01,5.8442e-01,9.7741e-02
5.0119e+01,5.8672e-01,9.7164e-02
5.1880e+01,5.8900e-01,9.6590e-02
5.3703e+01,5.9126e-01,9.6020e-02
5.5590e+01,5.9352e-01,9.5452e-02
5.7544e+01,5.9576e-01,9.4887e-02
5.9566e+01,5.9798e-01,9.4325e-02
6.1660e+01,6.0020e-01,9.3766e-02
6.3826e+01,6.0239e-01,9.3210e-02
6.6069e+01,6.0458e-01,9.2657e-02
6.8391e+01,6.0675e-01,9.2108e-02
7.0795e+01,6.0891e-01,9.1562e-02
7.3282e+01,6.1105e-01,9.1019e-02
7.5858e+01,6.1318e-01,9.0479e-02
7.8524e+01,6.1530e-01,8.9942e-02
8.1283e+01,6.1740e-01,8.9409e-02
8.4140e+01,6.1950e-01,8.8879e-02
8.7096e+01,6.2157e-01,8.8352e-02
9.0157e+01,6.2364e-01,8.7829e-02
9.3325e+01,6.2569e-01,8.7309e-02
9.6605e+01,6.2773e-01,8.6792e-02
1.0000e+02,6.2976e-01,8.6279e-02
1.0351e+02,6.3177e-01,8.5770e-02
1.0715e+02,6.3377e-01,8.5263e-02
1.1092e+02,6.3576e-01,8.4761e-02
1.1482e+02,6.3774e-01,8.4261e-02
1.1885e+02,6.3970e-01,8.3766e-02
1.2303e+02,6.4165e-01,8.3274e-02
1.2735e+02,6.4359e-01,8.2785e-02
1.3183e+02,6.4552e-01,8.2300e-02
1.3646e+02,6.4744e-01,8.1819e-02
1.4125e+02,6.4934e-01,8.1341e-02
1.4622e+02,6.5123e-01,8.0866e-02
1.5136e+02,6.5311e-01,8.0396e-02
1.5668e+02,6.5498e-01,7.9929e-02
1.6218e+02,6.5684e-01,7.9465e-02
1.6788e+02,6.5868e-01,7.9006e-02
1.7378e+02,6.6052e-01,7.8549e-02
1.7989e+02,6.6234e-01,7.8097e-02
1.8621e+02,6.6415e-01,7.7648e-02
1.9275e+02,6.6595e-01,7.7203e-02
1.9953e+02,6.6774e-01,7.6761e-02
2.0654e+02,6.6952e-01,7.6324e-02
2.1380e+02,6.7129e-01,7.5889e-02
2.2131e+02,6.7305e-01,7.5459e-02
2.2909e+02,6.7480e-01,7.5032e-02
2.3714e+02,6.7653e-01,7.4609e-02
2.4547e+02,6.7826e-01,7.4189e-02
2.5410e+02,6.7997e-01,7.3773e-02
2.6303e+02,6.8168e-01,7.3361e-02
2.7227e+02,6.8337e-01,7.2953e-02
2.8184e+02,6.8506e-01,7.2548e-02
2.9174e+02,6.8673e-01,7.2147e-02
3.0200e+02,6.8840e-01,7.1749e-02
3.1261e+02,6.9005e-01,7.1355e-02
3.2359e+02,6.9170e-01,7.0965e-02
3.3497e+02,6.9333e-01,7.0578e-02
3.4674e+02,6.9496e-01,7.0195e-02
3.5892e+02,6.9658e-01,6.9816e-02
3.7154e+02,6.9818e-01,6.9440e-02
3.8459e+02,6.9978e-01,6.9068e-02
3.9811e+02,7.0137e-01,6.8699e-02
4.1210e+02,7.0295e-01,6.8334e-02
4.2658e+02,7.0452e-01,6.7972e-02
4.4157e+02,7.0608e-01,6.7614e-02
4.5709e+02,7.0764e-01,6.7259e-02
4.7315e+02,7.0918e-01,6.6908e-02
4.8978e+02,7.1072e-01,6.6561e-02
5.0699e+02,7.1225e-01,6.6217e-02
5.2481e+02,7.1376e-01,6.5876e-02
5.4325e+02,7.1527e-01,6.5539e-02
5.6234e+02,7.1678e-01,6.5205e-02
5.8210e+02,7.1827e-01,6.4875e-02
6.0256e+02,7.1976e-01,6.4548e-02
6.2373e+02,7.2123e-01,6.4224e-02
6.4565e+02,7.2270e-01,6.3904e-02
6.6834e+02,7.2417e-01,6.3587e-02
6.9183e+02,7.2562e-01,6.3274e-02
7.1614e+02,7.2707e-01,6.2963e-02
7.4131e+02,7.2851e-01,6.2656e-02
7.6736e+02,7.2994e-01,6.2353e-02
7.9433e+02,7.3136e-01,6.2052e-02
8.2224e+02,7.3278e-01,6.1755e-02
8.5114e+02,7.3419e-01,6.1460e-02
8.8105e+02,7.3559e-01,6.1169e-02
9.1201e+02,7.3698e-01,6.0881e-02
9.4406e+02,7.3837e-01,6.0597e-02
9.7724e+02,7.3975e-01,6.0315e-02
1.0116e+03,7.4113e-01,6.0036e-02
1.0471e+03,7.4249e-01,5.9760e-02
1.0839e+03,7.4385e-01,5.9488e-02
1.1220e+03,7.4521e-01,5.9218e-02
1.1614e+03,7.4655e-01,5.8951e-02
1.2023e+03,7.4789e-01,5.8687e-02
1.2445e+03,7.4923e-01,5.8426e-02
1.2882e+03,7.5056e-01,5.8168e-02
1.3335e+03,7.5188e-01,5.7913e-02
1.3804e+03,7.5319e-01,5.7660e-02
1.4289e+03,7.5450e-01,5.7410e-02
1.4791e+03,7.5581e-01,5.7163e-02
1.5311e+03,7.5710e-01,5.6919e-02
1.5849e+03,7.5839e-01,5.6677e-02
1.6406e+03,7.5968e-01,5.6438e-02
1.6982e+03,7.6096e-01,5.6202e-02
1.7579e+03,7.6223e-01,5.5968e-02
1.8197e+03,7.6350e-01,5.5737e-02
1.8836e+03,7.6476e-01,5.5508e-02
1.9498e+03,7.6602e-01,5.5282e-02
2.0184e+03,7.6727e-01,5.5058e-02
2.0893e+03,7.6852e-01,5.4837e-02
2.1627e+03,7.6976e-01,5.4618e-02
2.2387e+03,7.7099e-01,5.4402e-02
2.3174e+03,7.7222e-01,5.4187e-02
2.3988e+03,7.7345e-01,5.3975e-02
2.4831e+03,7.7467e-01,5.3766e-02
2.5704e+03,7.7588e-01,5.3558e-02
2.6607e+03,7.7709e-01,5.3353e-02
2.7542e+03,7.7830e-01,5.3150e-02
2.8510e+03,7.7950e-01,5.2950e-02
2.9512e+03,7.8069e-01,5.2751e-02
3.0549e+03,7.8188e-01,5.2554e-02
3.1623e+03,7.8307e-01,5.2360e-02
3.2734e+03,7.8425e-01,5.2167e-02
3.3884e+03,7.8543e-01,5.1976e-02
3.5075e+03,7.8660e-01,5.1788e-02
3.6308e+03,7.8777e-01,5.1601e-02
3.7584e+03,7.8893e-01,5.1416e-02
3.8905e+03,7.9009e-01,5.1233e-02
4.0272e+03,7.9124e-01,5.1052e-02
4.1687e+03,7.9239e-01,5.0873e-02
4.3152e+03,7.9354e-01,5.0695e-02
4.4668e+03,7.9468e-01,5.0519e-02
4.6238e+03,7.9581e-01,5.0345e-02
4.7863e+03,7.9695e-01,5.0172e-02
4.9545e+03,7.9808e-01,5.0002e-02
5.1286e+03,7.9920e-01,4.9832e-02
5.3088e+03,8.0032e-01,4.9664e-02
5.4954e+03,8.0144e-01,4.9498e-02
5.6885e+03,8.0255e-01,4.9333e-02
5.8884e+03,8.0366e-01,4.9170e-02
6.0954e+03,8.0476e-01,4.9008e-02
6.3096e+03,8.0586e-01,4.8848e-02
6.5313e+03,8.0696e-01,4.8689e-02
6.7608e+03,8.0806e-01,4.8531e-02
6.9984e+03,8.0915e-01,4.8374e-02
7.2444e+03,8.1023e-01,4.8219e-02
7.4989e+03,8.1131e-01,4.8065e-02
7.7625e+03,8.1239e-01,4.7913e-02
8.0353e+03,8.1347e-01,4.7761e-02
8.3176e+03,8.1454e-01,4.7611e-02
8.6099e+03,8.1561e-01,4.7461e-02
8.9125e+03,8.1667e-01,4.7313e-02
9.2257e+03,8.1773e-01,4.7166e-02
9.5499e+03,8.1879e-01,4.7020e-02
9.8855e+03,8.1985e-01,4.6875e-02
1.0233e+04,8.2090e-01,4.6731e-02
1.0593e+04,8.2194e-01,4.6588e-02
1.0965e+04,8.2299e-01,4.6445e-02
1.1350e+04,8.2403e-01,4.6304e-02
1.1749e+04,8.2507e-01,4.6163e-02
1.2162e+04,8.2610e-01,4.6024e-02
1.2589e+04,8.2713e-01,4.5885e-02
1.3032e+04,8.2816e-01,4.5746e-02
1.3490e+04,8.2918e-01,4.5609e-02
1.3964e+04,8.3020e-01,4.5472e-02
1.4454e+04,8.3122e-01,4.5336e-02
1.4962e+04,8.3224e-01,4.5201e-02
1.5488e+04,8.3325e-01,4.5066e-02
1.6032e+04,8.3426e-01,4.4932e-02
1.6596e+04,8.3526e-01,4.4799e-02
1.7179e+04,8.3627e-01,4.4666e-02
1.7783e+04,8.3727e-01,4.4533e-02
1.8408e+04,8.3826e-01,4.4401e-02
1.9055e+04,8.3926e-01,4.4270e-02
1.9724e+04,8.4025e-01,4.4139e-02
2.0417e+04,8.4123e-01,4.4008e-02
2.1135e+04,8.4222e-01,4.3878e-02
2.1878e+04,8.4320e-01,4.3748e-02
2.2646e+04,8.4418e-01,4.3619e-02
2.3442e+04,8.4515e-01,4.3489e-02
2.4266e+04,8.4613e-01,4.3361e-02
2.5119e+04,8.4710e-01,4.3232e-02
2.6002e+04,8.4806e-01,4.3104e-02
2.6915e+04,8.4903e-01,4.2976e-02
2.7861e+04,8.4999e-01,4.2848e-02
2.8840e+04,8.5094e-01,4.2720e-02
2.9854e+04,8.5190e-01,4.2593e-02
3.0903e+04,8.5285e-01,4.2465e-02
3.1989e+04,8.5380e-01,4.2338e-02
3.3113e+04,8.5475e-01,4.2211e-02
3.4277e+04,8.5569e-01,4.2084e-02
3.5481e+04,8.5663e-01,4.1957e-02
3.6728e+04,8.5757e-01,4.1831e-02
3.8019e+04,8.5850e-01,4.1704e-02
3.9355e+04,8.5943e-01,4.1577e-02
4.0738e+04,8.6036e-01,4.1450e-02
4.2170e+04,8.6129e-01,4.1323e-02
4.3652e+04,8.6221e-01,4.1197e-02
4.5186e+04,8.6313e-01,4.1070e-02
4.6774e+04,8.6405e-01,4.0943e-02
4.8417e+04,8.6496e-01,4.0816e-02
5.0119e+04,8.6588e-01,4.0689e-02
5.1880e+04,8.6679e-01,4.0561e-02
5.3703e+04,8.6769e-01,4.0434e-02
5.5590e+04,8.6859e-01,4.0306e-02
5.7544e+04,8.6949e-01,4.0179e-02
5.9566e+04,8.7039e-01,4.0051e-02
6.1660e+04,8.7129e-01,3.9922e-02
6.3826e+04,8.7218e-01,3.9794e-02
6.6069e+04,8.7307e-01,3.9666e-02
6.8391e+04,8.7395e-01,3.9537e-02
7.0795e+04,8.7484e-01,3.9408e-02
7.3282e+04,8.7572e-01,3.9279e-02
7.5858e+04,8.7659e-01,3.9149e-02
7.8524e+04,8.7747e-01,3.9019e-02
8.1283e+04,8.7834e-01,3.8889e-02
8.4140e+04,8.7921e-01,3.8759e-02
8.7096e+04,8.8007e-01,3.8628e-02
9.0157e+04,8.8093e-01,3.8497e-02
9.3325e+04,8.8179e-01,3.8365e-02
9.6605e+04,8.8265e-01,3.8233e-02
1.0000e+05,8.8350e-01,3.8101e-02
1.0351e+05,8.8435e-01,3.7969e-02
1.0715e+05,8.8520e-01,3.7836e-02
1.1092e+05,8.8605e-01,3.7703e-02
1.1482e+05,8.8689e-01,3.7569e-02
1.1885e+05,8.8773e-01,3.7435e-02
1.2303e+05,8.8856e-01,3.7301e-02
1.2735e+05,8.8940e-01,3.7166e-02
1.3183e+05,8.9023e-01,3.7030e-02
1.3646e+05,8.9105e-01,3.6895e-02
1.4125e+05,8.9188e-01,3.6759e-02
1.4622e+05,8.9270e-01,3.6622e-02
1.5136e+05,8.9351e-01,3.6485e-02
1.5668e+05,8.9433e-01,3.6347e-02
1.6218e+05,8.9514e-01,3.6210e-02
1.6788e+05,8.9595e-01,3.6071e-02
1.7378e+05,8.9675e-01,3.5932e-02
1.7989e+05,8.9756e-01,3.5793e-02
1.8621e+05,8.9835e-01,3.5653e-02
1.9275e+05,8.9915e-01,3.5513e-02
1.9953e+05,8.9994e-01,3.5372e-02
2.0654e+05,9.0073e-01,3.5231e-02
2.1380e+05,9.0152e-01,3.5090e-02
2.2131e+05,9.0230e-01,3.4948e-02
2.2909e+05,9.0308e-01,3.4805e-02
2.3714e+05,9.0386e-01,3.4662e-02
2.4547e+05,9.0463e-01,3.4518e-02
2.5410e+05,9.0540e-01,3.4374e-02
2.6303e+05,9.0617e-01,3.4230e-02
2.7227e+05,9.0694e-01,3.4085e-02
2.8184e+05,9.0770e-01,3.3939e-02
2.9174e+05,9.0845e-01,3.3794e-02
3.0200e+05,9.0921e-01,3.3647e-02
3.1261e+05,9.0996e-01,3.3500e-02
3.2359e+05,9.1071e-01,3.3353e-02
3.3497e+05,9.1145e-01,3.3205e-02
3.4674e+05,9.1219e-01,3.3057e-02
3.5892e+05,9.1293e-01,3.2908e-02
3.7154e+05,9.1366e-01,3.2759e-02
3.8459e+05,9.1440e-01,3.2609e-02
3.9811e+05,9.1512e-01,3.2459e-02
4.1210e+05,9.1585e-01,3.2309e-02
4.2658e+05,9.1657e-01,3.2158e-02
4.4157e+05,9.1729e-01,3.2006e-02
4.5709e+05,9.1800e-01,3.1854e-02
4.7315e+05,9.1871e-01,3.1702e-02
4.8978e+05,9.1942e-01,3.1549e-02
5.0699e+05,9.2012e-01,3.1396e-02
5.2481e+05,9.2082e-01,3.1243e-02
5.4325e+05,9.2152e-01,3.1089e-02
5.6234e+05,9.2222e-01,3.0934e-02
5.8210e+05,9.2291e-01,3.0780e-02
6.0256e+05,9.2359e-01,3.0624e-02
6.2373e+05,9.2428e-01,3.0469e-02
6.4565e+05,9.2496e-01,3.0313e-02
6.6834e+05,9.2563e-01,3.0157e-02
6.9183e+05,9.2631e-01,3.0000e-02
7.1614e+05,9.2698e-01,2.9843e-02
7.4131e+05,9.2764e-01,2.9686e-02
7.6736e+05,9.2830e-01,2.9528e-02
7.9433e+05,9.2896e-01,2.9370e-02
8.2224e+05,9.2962e-01,2.9211e-02
8.5114e+05,9.3027e-01,2.9053e-02
8.8105e+05,9.3092e-01,2.8894e-02
9.1201e+05,9.3156e-01,2.8735e-02
9.4406e+05,9.3220e-01,2.8575e-02
9.7724e+05,9.3284e-01,2.8415e-02
1.0116e+06,9.3347e-01,2.8255e-02
1.0471e+06,9.3410e-01,2.8095e-02
1.0839e+06,9.3473e-01,2.7934e-02
1.1220e+06,9.3535e-01,2.7773e-02
1.1614e+06,9.3597e-01,2.7612e-02
1.2023e+06,9.3659e-01,2.7451e-02
1.2445e+06,9.3720e-01,2.7289e-02
1.2882e+06,9.3781e-01,2.7128e-02
1.3335e+06,9.3842e-01,2.6966e-02
1.3804e+06,9.3902e-01,2.6804e-02
1.4289e+06,9.3962e-01,2.6641e-02
1.4791e+06,9.4021e-01,2.6479e-02
1.5311e+06,9.4080e-01,2.6316e-02
1.5849e+06,9.4139e-01,2.6154e-02
1.6406e+06,9.4197e-01,2.5991e-02
1.6982e+06,9.4255e-01,2.5828e-02
1.7579e+06,9.4313e-01,2.5665e-02
1.8197e+06,9.4370e-01,2.5502e-02
1.8836e+06,9.4427e-01,2.5338e-02
1.9498e+06,9.4483e-01,2.5175e-02
2.0184e+06,9.4539e-01,2.5012e-02
2.0893e+06,9.4595e-01,2.4848e-02
2.1627e+06,9.4650e-01,2.4685e-02
2.2387e+06,9.4705e-01,2.4521e-02
2.3174e+06,9.4760e-01,2.4358e-02
2.3988e+06,9.4814e-01,2.4195e-02
2.4831e+06,9.4868e-01,2.4031e-02
2.5704e+06,9.4922e-01,2.3868e-02
2.6607e+06,9.4975e-01,2.3704e-02
2.7542e+06,9.5028e-01,2.3541e-02
2.8510e+06,9.5080e-01,2.3378e-02
2.9512e+06,9.5132e-01,2.3215e-02
3.0549e+06,9.5184e-01,2.3051e-02
3.1623e+06,9.5235e-01,2.2888e-02
3.2734e+06,9.5286e-01,2.2725e-02
3.3884e+06,9.5337e-01,2.2563e-02
3.5075e+06,9.5387e-01,2.2400e-02
3.6308e+06,9.5437e-01,2.2237e-02
3.7584e+06,9.5487e-01,2.2075e-02
3.8905e+06,9.5536e-01,2.1913e-02
4.0272e+06,9.5585e-01,2.1751e-02
4.1687e+06,9.5633e-01,2.1589e-02
4.3152e+06,9.5681e-01,2.1427e-02
4.4668e+06,9.5729e-01,2.1266e-02
4.6238e+06,9.5776e-01,2.1105e-02
4.7863e+06,9.5823e-01,2.0944e-02
4.9545e+06,9.5870e-01,2.0783e-02
5.1286e+06,9.5916e-01,2.0623e-02
5.3088e+06,9.5962e-01,2.0463e-02
5.4954e+06,9.6007e-01,2.0303e-02
5.6885e+06,9.6053e-01,2.0143e-02
5.8884e+06,9.6097e-01,1.9984e-02
6.0954e+06,9.6142e-01,1.9825e-02
6.3096e+06,9.6186e-01,1.9666e-02
6.5313e+06,9.6230e-01,1.9508e-02
6.7608e+06,9.6273e-01,1.9350e-02
6.9984e+06,9.6316e-01,1.9193e-02
7.2444e+06,9.6359e-01,1.9035e-02
7.4989e+06,9.6401e-01,1.8879e-02
7.7625e+06,9.6443e-01,1.8722e-02
8.0353e+06,9.6485e-01,1.8566e-02
8.3176e+06,9.6526e-01,1.8411e-02
8.6099e+06,9.6567e-01,1.8255e-02
8.9125e+06,9.6608e-01,1.8101e-02
9.2257e+06,9.6648e-01,1.7946e-02
9.5499e+06,9.6688e-01,1.7793e-02
9.8855e+06,9.6727e-01,1.7639e-02
1.0233e+07,9.6766e-01,1.7486e-02
1.0593e+07,9.6805e-01,1.7334e-02
1.0965e+07,9.6844e-01,1.7182e-02
1.1350e+07,9.6882e-01,1.7031e-02
1.1749e+07,9.6920e-01,1.6880e-02
1.2162e+07,9.6957e-01,1.6730e-02
1.2589e+07,9.6994e-01,1.6580e-02
1.3032e+07,9.7031e-01,1.6431e-02
1.3490e+07,9.7068e-01,1.6282e-02
1.3964e+07,9.7104e-01,1.6134e-02
1.4454e+07,9.7140e-01,1.5986e-02
1.4962e+07,9.7175e-01,1.5839e-02
1.5488e+07,9.7210e-01,1.5693e-02
1.6032e+07,9.7245e-01,1.5547e-02
1.6596e+07,9.7280e-01,1.5402e-02
1.7179e+07,9.7314e-01,1.5257e-02
1.7783e+07,9.7348e-01,1.5113e-02
1.8408e+07,9.7381e-01,1.4970e-02
1.9055e+07,9.7414e-01,1.4827e-02
1.9724e+07,9.7447e-01,1.4685e-02
2.0417e+07,9.7480e-01,1.4544e-02
2.1135e+07,9.7512e-01,1.4403e-02
2.1878e+07,9.7544e-01,1.4263e-02
2.2646e+07,9.7576e-01,1.4124e-02
2.3442e+07,9.7607e-01,1.3985e-02
2.4266e+07,9.7638e-01,1.3847e-02
2.5119e+07,9.7669e-01,1.3710e-02
2.6002e+07,9.7699e-01,1.3573e-02
2.6915e+07,9.7729e-01,1.3437e-02
2.7861e+07,9.7759e-01,1.3302e-02
2.8840e+07,9.7789e-01,1.3167e-02
2.9854e+07,9.7818e-01,1.3034e-02
3.0903e+07,9.7847e-01,1.2900e-02
3.1989e+07,9.7875e-01,1.2768e-02
3.3113e+07,9.7903e-01,1.2637e-02
3.4277e+07,9.7931e-01,1.2506e-02
3.5481e+07,9.7959e-01,1.2376e-02
3.6728e+07,9.7987e-01,1.2246e-02
3.8019e+07,9.8014e-01,1.2118e-02
3.9355e+07,9.8040e-01,1.1990e-02
4.0738e+07,9.8067e-01,1.1863e-02
4.2170e+07,9.8093e-01,1.1737e-02
4.3652e+07,9.8119e-01,1.1611e-02
4.5186e+07,9.8145e-01,1.1487e-02
4.6774e+07,9.8170e-01,1.1363e-02
4.8417e+07,9.8195e-01,1.1240e-02
5.0119e+07,9.8220e-01,1.1117e-02
5.1880e+07,9.8245e-01,1.0996e-02
5.3703e+07,9.8269e-01,1.0875e-02
5.5590e+07,9.8293e-01,1.0755e-02
5.7544e+07,9.8317e-01,1.0636e-02
5.9566e+07,9.8341e-01,1.0518e-02
6.1660e+07,9.8364e-01,1.0400e-02
6.3826e+07,9.8387e-01,1.0283e-02
6.6069e+07,9.8410e-01,1.0168e-02
6.8391e+07,9.8432e-01,1.0053e-02
7.0795e+07,9.8454e-01,9.9383e-03
7.3282e+07,9.8476e-01,9.8249e-03
7.5858e+07,9.8498e-01,9.7123e-03
7.8524e+07,9.8519e-01,9.6006e-03
8.1283e+07,9.8541e-01,9.4896e-03
8.4140e+07,9.8562e-01,9.3795e-03
8.7096e+07,9.8582e-01,9.2702e-03
9.0157e+07,9.8603e-01,9.1618e-03
9.3325e+07,9.8623e-01,9.0542e-03
9.6605e+07,9.8643e-01,8.9474e-03
1.0000e+08,9.8663e-01,8.8414e-03
1.0351e+08,9.8682e-01,8.7363e-03
1.0715e+08,9.8701e-01,8.6320e-03
1.1092e+08,9.8721e-01,8.5285e-03
1.1482e+08,9.8739e-01,8.4259e-03
1.1885e+08,9.8758e-01,8.3241e-03
1.2303e+08,9.8776e-01,8.2232e-03
1.2735e+08,9.8794e-01,8.1231e-03
1.3183e+08,9.8812e-01,8.0238e-03
1.3646e+08,9.8830e-01,7.9253e-03
1.4125e+08,9.8848e-01,7.8277e-03
1.4622e+08,9.8865e-01,7.7309e-03
1.5136e+08,9.8882e-01,7.6350e-03
1.5668e+08,9.8899e-01,7.5398e-03
1.6218e+08,9.8915e-01,7.4455e-03
1.6788e+08,9.8932e-01,7.3521e-03
1.7378e+08,9.8948e-01,7.2594e-03
1.7989e+08,9.8964e-01,7.1676e-03
1.8621e+08,9.8980e-01,7.0766e-03
1.9275e+08,9.8995e-01,6.9864e-03
1.9953e+08,9.9011e-01,6.8971e-03
2.0654e+08,9.9026e-01,6.8085e-03
2.1380e+08,9.9041e-01,6.7208e-03
2.2131e+08,9.9056e-01,6.6339e-03
2.2909e+08,9.9070e-01,6.5478e-03
2.3714e+08,9.9085e-01,6.4626e-03
2.4547e+08,9.9099e-01,6.3781e-03
2.5410e+08,9.9113e-01,6.2944e-03
2.6303e+08,9.9127e-01,6.2116e-03
2.7227e+08,9.9140e-01,6.1295e-03
2.8184e+08,9.9154e-01,6.0483e-03
2.9174e+08,9.9167e-01,5.9678e-03
3.0200e+08,9.9180e-01,5.8881e-03
3.1261e+08,9.9193e-01,5.8092e-03
3.2359e+08,9.9206e-01,5.7312e-03
3.3497e+08,9.9219e-01,5.6538e-03
3.4674e+08,9.9231e-01,5.5773e-03
3.5892e+08,9.9243e-01,5.5016e-03
3.7154e+08,9.9256e-01,5.4266e-03
3.8459e+08,9.9267e-01,5.3524e-03
3.9811e+08,9.9279e-01,5.2790e-03
4.1210e+08,9.9291e-01,5.2063e-03
4.2658e+08,9.9302e-01,5.1344e-03
4.4157e+08,9.9314e-01,5.0632e-03
4.5709e+08,9.9325e-01,4.9928e-03
4.7315e+08,9.9336e-01,4.9232e-03
4.8978e+08,9.9346e-01,4.8543e-03
5.0699e+08,9.9357e-01,4.7861e-03
5.2481e+08,9.9368e-01,4.7187e-03
5.4325e+08,9.9378e-01,4.6520e-03
5.6234e+08,9.9388e-01,4.5861e-03
5.8210e+08,9.9398e-01,4.5208e-03
6.0256e+08,9.9408e-01,4.4563e-03
6.2373e+08,9.9418e-01,4.3925e-03
6.4565e+08,9.9428e-01,4.3295e-03
6.6834e+08,9.9437e-01,4.2671e-03
6.9183e+08,9.9447e-01,4.2054e-03
7.1614e+08,9.9456e-01,4.1445e-03
7.4131e+08,9.9465e-01,4.0842e-03
7.6736e+08,9.9474e-01,4.0246e-03
7.9433e+08,9.9483e-01,3.9658e-03
8.2224e+08,9.9491e-01,3.9076e-03
8.5114e+08,9.9500e-01,3.8501e-03
8.8105e+08,9.9508e-01,3.7932e-03
9.1201e+08,9.9517e-01,3.7370e-03
9.4406e+08,9.9525e-01,3.6815e-03
9.7724e+08,9.9533e-01,3.6267e-03
1.0116e+09,9.9541e-01,3.5725e-03
1.0471e+09,9.9549e-01,3.5189e-03
1.0839e+09,9.9557e-01,3.4660e-03
1.1220e+09,9.9564e-01,3.4138e-03
1.1614e+09,9.9572e-01,3.3622e-03
1.2023e+09,9.9579e-01,3.3112e-03
1.2445e+09,9.9586e-01,3.2608e-03
1.2882e+09,9.9593e-01,3.2111e-03
1.3335e+09,9.9600e-01,3.1620e-03
1.3804e+09,9.9607e-01,3.1135e-03
1.4289e+09,9.9614e-01,3.0656e-03
1.4791e+09,9.9621e-01,3.0183e-03
1.5311e+09,9.9627e-01,2.9716e-03
1.5849e+09,9.9634e-01,2.9255e-03
1.6406e+09,9.9640e-01,2.8799e-03
1.6982e+09,9.9647e-01,2.8350e-03
1.7579e+09,9.9653e-01,2.7906e-03
1.8197e+09,9.9659e-01,2.7469e-03
1.8836e+09,9.9665e-01,2.7036e-03
1.9498e+09,9.9671e-01,2.6610e-03
2.0184e+09,9.9677e-01,2.6189e-03
2.0893e+09,9.9683e-01,2.5774e-03
2.1627e+09,9.9688e-01,2.5364e-03
2.2387e+09,9.9694e-01,2.4959e-03
2.3174e+09,9.9699e-01,2.4560e-03
2.3988e+09,9.9705e-01,2.4166e-03
2.4831e+09,9.9710e-01,2.3778e-03
2.5704e+09,9.9715e-01,2.3395e-03
2.6607e+09,9.9720e-01,2.3016e-03
2.7542e+09,9.9725e-01,2.2644e-03
2.8510e+09,9.9730e-01,2.2276e-03
2.9512e+09,9.9735e-01,2.1913e-03
3.0549e+09,9.9740e-01,2.1555e-03
3.1623e+09,9.9745e-01,2.1202e-03
3.2734e+09,9.9749e-01,2.0854e-03
3.3884e+09,9.9754e-01,2.0511e-03
3.5075e+09,9.9758e-01,2.0173e-03
3.6308e+09,9.9763e-01,1.9839e-03
3.7584e+09,9.9767e-01,1.9510e-03
3.8905e+09,9.9771e-01,1.9186e-03
4.0272e+09,9.9775e-01,1.8866e-03
4.1687e+09,9.9780e-01,1.8551e-03
4.3152e+09,9.9784e-01,1.8240e-03
4.4668e+09,9.9788e-01,1.7934e-03
4.6238e+09,9.9792e-01,1.7632e-03
4.7863e+09,9.9795e-01,1.7335e-03
4.9545e+09,9.9799e-01,1.7042e-03
5.1286e+09,9.9803e-01,1.6753e-03
5.3088e+09,9.9807e-01,1.6468e-03
5.4954e+09,9.9810e-01,1.6188e-03
5.6885e+09,9.9814e-01,1.5911e-03
5.8884e+09,9.9817e-01,1.5639e-03
6.0954e+09,9.9821e-01,1.5371e-03
6.3096e+09,9.9824e-01,1.5106e-03
6.5313e+09,9.9827e-01,1.4846e-03
6.7608e+09,9.9831e-01,1.4590e-03
6.9984e+09,9.9834e-01,1.4337e-03
7.2444e+09,9.9837e-01,1.4088e-03
7.4989e+09,9.9840e-01,1.3843e-03
7.7625e+09,9.9843e-01,1.3602e-03
8.0353e+09,9.9846e-01,1.3364e-03
8.3176e+09,9.9849e-01,1.3130e-03
8.6099e+09,9.9852e-01,1.2900e-03
8.9125e+09,9.9855e-01,1.2673e-03
9.2257e+09,9.9857e-01,1.2450e-03
9.5499e+09,9.9860e-01,1.2230e-03
9.8855e+09,9.9863e-01,1.2013e-03
1.0233e+10,9.9865e-01,1.1800e-03
1.0593e+10,9.9868e-01,1.1590e-03
1.0965e+10,9.9870e-01,1.1384e-03
1.1350e+10,9.9873e-01,1.1180e-03
1.1749e+10,9.9875e-01,1.0980e-03
1.2162e+10,9.9878e-01,1.0784e-03
1.2589e+10,9.9880e-01,1.0590e-03
1.3032e+10,9.9882e-01,1.0399e-03
1.3490e+10,9.9885e-01,1.0211e-03
1.3964e+10,9.9887e-01,1.0027e-03
1.4454e+10,9.9889e-01,9.8451e-04
1.4962e+10,9.9891e-01,9.6663e-04
1.5488e+10,9.9893e-01,9.4904e-04
1.6032e+10,9.9895e-01,9.3174e-04
1.6596e+10,9.9897e-01,9.1472e-04
1.7179e+10,9.9899e-01,8.9798e-04
1.7783e+10,9.9901e-01,8.8151e-04
1.8408e+10,9.9903e-01,8.6531e-04
1.9055e+10,9.9905e-01,8.4938e-04
1.9724e+10,9.9907e-01,8.3371e-04
2.0417e+10,9.9909e-01,8.1831e-04
2.1135e+10,9.9911e-01,8.0315e-04
2.1878e+10,9.9912e-01,7.8825e-04
2.2646e+10,9.9914e-01,7.7360e-04
2.3442e+10,9.9916e-01,7.5919e-04
2.4266e+10,9.9917e-01,7.4503e-04
2.5119e+10,9.9919e-01,7.3110e-04
2.6002e+10,9.9921e-01,7.1741e-04
2.6915e+10,9.9922e-01,7.0395e-04
2.7861e+10,9.9924e-01,6.9072e-04
2.8840e+10,9.9925e-01,6.7771e-04
2.9854e+10,9.9927e-01,6.6493e-04
3.0903e+10,9.9928e-01,6.5236e-04
3.1989e+10,9.9930e-01,6.4001e-04
3.3113e+10,9.9931e-01,6.2788e-04
3.4277e+10,9.9932e-01,6.1595e-04
3.5481e+10,9.9934e-01,6.0423e-04
3.6728e+10,9.9935e-01,5.9271e-04
3.8019e+10,9.9936e-01,5.8139e-04
3.9355e+10,9.9938e-01,5.7027e-04
4.0738e+10,9.9939e-01,5.5935e-04
4.2170e+10,9.9940e-01,5.4861e-04
4.3652e+10,9.9941e-01,5.3807e-04
4.5186e+10,9.9942e-01,5.2771e-04
4.6774e+10,9.9944e-01,5.1753e-04
4.8417e+10,9.9945e-01,5.0753e-04
5.0119e+10,9.9946e-01,4.9771e-04
5.1880e+10,9.9947e-01,4.8807e-04
5.3703e+10,9.9948e-01,4.7860e-04
5.5590e+10,9.9949e-01,4.6929e-04
5.7544e+10,9.9950e-01,4.6016e-04
5.9566e+10,9.9951e-01,4.5119e-04
6.1660e+10,9.9952e-01,4.4238e-04
6.3826e+10,9.9953e-01,4.3373e-04
6.6069e+10,9.9954e-01,4.2523e-04
6.8391e+10,9.9955e-01,4.1689e-04
7.0795e+10,9.9956e-01,4.0870e-04
7.3282e+10,9.9957e-01,4.0066e-04
7.5858e+10,9.9958e-01,3.9277e-04
7.8524e+10,9.9958e-01,3.8502e-04
8.1283e+10,9.9959e-01,3.7742e-04
8.4140e+10,9.9960e-01,3.6995e-04
8.7096e+10,9.9961e-01,3.6262e-04
9.0157e+10,9.9962e-01,3.5543e-04
9.3325e+10,9.9962e-01,3.4837e-04
9.6605e+10,9.9963e-01,3.4144e-04
1.0000e+11,9.9964e-01,3.3464e-04
