   f   ,G_stor ,G_loss 
  Hz   ,  GPa  ,  GPa  
1.0000e-04,5.8845e-07,9.9652e-05
1.0351e-04,6.2241e-07,1.0315e-04
1.0715e-04,6.5834e-07,1.0676e-04
1.1092e-04,6.9634e-07,1.1051e-04
1.1482e-04,7.3653e-07,1.1438e-04
1.1885e-04,7.7904e-07,1.1839e-04
1.2303e-04,8.2401e-07,1.2254e-04
1.2735e-04,8.7157e-07,1.2684e-04
1.3183e-04,9.2188e-07,1.3128e-04
1.3646e-04,9.7509e-07,1.3588e-04
1.4125e-04,1.0314e-06,1.4064e-04
1.4622e-04,1.0909e-06,1.4557e-04
1.5136e-04,1.1539e-06,1.5067e-04
1.5668e-04,1.2205e-06,1.5595e-04
1.6218e-04,1.2909e-06,1.6142e-04
1.6788e-04,1.3655e-06,1.6707e-04
1.7378e-04,1.4443e-06,1.7293e-04
1.7989e-04,1.5277e-06,1.7898e-04
1.8621e-04,1.6158e-06,1.8525e-04
1.9275e-04,1.7091e-06,1.9174e-04
1.9953e-04,1.8078e-06,1.9846e-04
2.0654e-04,1.9121e-06,2.0541e-04
2.1380e-04,2.0225e-06,2.1260e-04
2.2131e-04,2.1393e-06,2.2004e-04
2.2909e-04,2.2628e-06,2.2775e-04
2.3714e-04,2.3934e-06,2.3572e-04
2.4547e-04,2.5316e-06,2.4397e-04
2.5410e-04,2.6777e-06,2.5251e-04
2.6303e-04,2.8323e-06,2.6135e-04
2.7227e-04,2.9958e-06,2.7050e-04
2.8184e-04,3.1687e-06,2.7996e-04
2.9174e-04,3.3516e-06,2.8976e-04
3.0200e-04,3.5451e-06,2.9990e-04
3.1261e-04,3.7497e-06,3.1039e-04
3.2359e-04,3.9661e-06,3.2125e-04
3.3497e-04,4.1951e-06,3.3248e-04
3.4674e-04,4.4372e-06,3.4411e-04
3.5892e-04,4.6933e-06,3.5614e-04
3.7154e-04,4.9642e-06,3.6860e-04
3.8459e-04,5.2508e-06,3.8148e-04
3.9811e-04,5.5538e-06,3.9482e-04
4.1210e-04,5.8744e-06,4.0862e-04
4.2658e-04,6.2134e-06,4.2290e-04
4.4157e-04,6.5720e-06,4.3767e-04
4.5709e-04,6.9512e-06,4.5297e-04
4.7315e-04,7.3524e-06,4.6879e-04
4.8978e-04,7.7767e-06,4.8517e-04
5.0699e-04,8.2254e-06,5.0211e-04
5.2481e-04,8.7001e-06,5.1964e-04
5.4325e-04,9.2021e-06,5.3779e-04
5.6234e-04,9.7330e-06,5.5656e-04
5.8210e-04,1.0295e-05,5.7599e-04
6.0256e-04,1.0889e-05,5.9609e-04
6.2373e-04,1.1517e-05,6.1689e-04
6.4565e-04,1.2181e-05,6.3841e-04
6.6834e-04,1.2884e-05,6.6068e-04
6.9183e-04,1.3627e-05,6.8372e-04
7.1614e-04,1.4413e-05,7.0756e-04
7.4131e-04,1.5244e-05,7.3223e-04
7.6736e-04,1.6123e-05,7.5776e-04
7.9433e-04,1.7053e-05,7.8416e-04
8.2224e-04,1.8036e-05,8.1149e-04
8.5114e-04,1.9076e-05,8.3976e-04
8.8105e-04,2.0176e-05,8.6901e-04
9.1201e-04,2.1339e-05,8.9927e-04
9.4406e-04,2.2569e-05,9.3058e-04
9.7724e-04,2.3870e-05,9.6297e-04
1.0116e-03,2.5246e-05,9.9648e-04
1.0471e-03,2.6701e-05,1.0312e-03
1.0839e-03,2.8239e-05,1.0670e-03
1.1220e-03,2.9866e-05,1.1041e-03
1.1614e-03,3.1587e-05,1.1425e-03
1.2023e-03,3.3407e-05,1.1822e-03
1.2445e-03,3.5331e-05,1.2233e-03
1.2882e-03,3.7366e-05,1.2658e-03
1.3335e-03,3.9517e-05,1.3098e-03
1.3804e-03,4.1792e-05,1.3552e-03
1.4289e-03,4.4198e-05,1.4023e-03
1.4791e-03,4.6742e-05,1.4509e-03
1.5311e-03,4.9432e-05,1.5013e-03
1.5849e-03,5.2277e-05,1.5533e-03
1.6406e-03,5.5284e-05,1.6072e-03
1.6982e-03,5.8464e-05,1.6629e-03
1.7579e-03,6.1827e-05,1.7205e-03
1.8197e-03,6.5382e-05,1.7801e-03
1.8836e-03,6.9141e-05,1.8417e-03
1.9498e-03,7.3115e-05,1.9055e-03
2.0184e-03,7.7317e-05,1.9714e-03
2.0893e-03,8.1759e-05,2.0396e-03
2.1627e-03,8.6456e-05,2.1101e-03
2.2387e-03,9.1422e-05,2.1830e-03
2.3174e-03,9.6671e-05,2.2584e-03
2.3988e-03,1.0222e-04,2.3364e-03
2.4831e-03,1.0809e-04,2.4170e-03
2.5704e-03,1.1429e-04,2.5004e-03
2.6607e-03,1.2084e-04,2.5866e-03
2.7542e-03,1.2777e-04,2.6758e-03
2.8510e-03,1.3510e-04,2.7679e-03
2.9512e-03,1.4284e-04,2.8632e-03
3.0549e-03,1.5103e-04,2.9618e-03
3.1623e-03,1.5968e-04,3.0636e-03
3.2734e-03,1.6882e-04,3.1690e-03
3.3884e-03,1.7848e-04,3.2778e-03
3.5075e-03,1.8869e-04,3.3904e-03
3.6308e-03,1.9949e-04,3.5068e-03
3.7584e-03,2.1089e-04,3.6270e-03
3.8905e-03,2.2295e-04,3.7514e-03
4.0272e-03,2.3568e-04,3.8799e-03
4.1687e-03,2.4914e-04,4.0127e-03
4.3152e-03,2.6336e-04,4.1499e-03
4.4668e-03,2.7839e-04,4.2918e-03
4.6238e-03,2.9427e-04,4.4384e-03
4.7863e-03,3.1104e-04,4.5899e-03
4.9545e-03,3.2877e-04,4.7465e-03
5.1286e-03,3.4749e-04,4.9083e-03
5.3088e-03,3.6727e-04,5.0755e-03
5.4954e-03,3.8816e-04,5.2482e-03
5.6885e-03,4.1023e-04,5.4266e-03
5.8884e-03,4.3354e-04,5.6109e-03
6.0954e-03,4.5816e-04,5.8014e-03
6.3096e-03,4.8416e-04,5.9981e-03
6.5313e-03,5.1162e-04,6.2013e-03
6.7608e-03,5.4062e-04,6.4112e-03
6.9984e-03,5.7125e-04,6.6279e-03
7.2444e-03,6.0358e-04,6.8518e-03
7.4989e-03,6.3772e-04,7.0829e-03
7.7625e-03,6.7376e-04,7.3216e-03
8.0353e-03,7.1182e-04,7.5681e-03
8.3176e-03,7.5198e-04,7.8226e-03
8.6099e-03,7.9438e-04,8.0853e-03
8.9125e-03,8.3914e-04,8.3564e-03
9.2257e-03,8.8637e-04,8.6364e-03
9.5499e-03,9.3621e-04,8.9253e-03
9.8855e-03,9.8881e-04,9.2234e-03
1.0233e-02,1.0443e-03,9.5311e-03
1.0593e-02,1.1029e-03,9.8486e-03
1.0965e-02,1.1646e-03,1.0176e-02
1.1350e-02,1.2298e-03,1.0514e-02
1.1749e-02,1.2985e-03,1.0863e-02
1.2162e-02,1.3710e-03,1.1222e-02
1.2589e-02,1.4475e-03,1.1593e-02
1.3032e-02,1.5281e-03,1.1976e-02
1.3490e-02,1.6131e-03,1.2370e-02
1.3964e-02,1.7027e-03,1.2777e-02
1.4454e-02,1.7972e-03,1.3196e-02
1.4962e-02,1.8967e-03,1.3628e-02
1.5488e-02,2.0016e-03,1.4073e-02
1.6032e-02,2.1122e-03,1.4532e-02
1.6596e-02,2.2287e-03,1.5004e-02
1.7179e-02,2.3514e-03,1.5491e-02
1.7783e-02,2.4807e-03,1.5993e-02
1.8408e-02,2.6168e-03,1.6510e-02
1.9055e-02,2.7602e-03,1.7041e-02
1.9724e-02,2.9112e-03,1.7589e-02
2.0417e-02,3.0701e-03,1.8153e-02
2.1135e-02,3.2373e-03,1.8733e-02
2.1878e-02,3.4134e-03,1.9330e-02
2.2646e-02,3.5986e-03,1.9944e-02
2.3442e-02,3.7935e-03,2.0576e-02
2.4266e-02,3.9984e-03,2.1226e-02
2.5119e-02,4.2140e-03,2.1894e-02
2.6002e-02,4.4406e-03,2.2581e-02
2.6915e-02,4.6789e-03,2.3287e-02
2.7861e-02,4.9293e-03,2.4013e-02
2.8840e-02,5.1924e-03,2.4758e-02
2.9854e-02,5.4689e-03,2.5524e-02
3.0903e-02,5.7593e-03,2.6310e-02
3.1989e-02,6.0642e-03,2.7117e-02
3.3113e-02,6.3844e-03,2.7945e-02
3.4277e-02,6.7204e-03,2.8794e-02
3.5481e-02,7.0731e-03,2.9666e-02
3.6728e-02,7.4431e-03,3.0560e-02
3.8019e-02,7.8311e-03,3.1476e-02
3.9355e-02,8.2380e-03,3.2415e-02
4.0738e-02,8.6645e-03,3.3377e-02
4.2170e-02,9.1115e-03,3.4362e-02
4.3652e-02,9.5797e-03,3.5371e-02
4.5186e-02,1.0070e-02,3.6403e-02
4.6774e-02,1.0584e-02,3.7460e-02
4.8417e-02,1.1121e-02,3.8540e-02
5.0119e-02,1.1684e-02,3.9644e-02
5.1880e-02,1.2272e-02,4.0773e-02
5.3703e-02,1.2887e-02,4.1926e-02
5.5590e-02,1.3530e-02,4.3103e-02
5.7544e-02,1.4202e-02,4.4305e-02
5.9566e-02,1.4903e-02,4.5531e-02
6.1660e-02,1.5636e-02,4.6782e-02
6.3826e-02,1.6401e-02,4.8056e-02
6.6069e-02,1.7199e-02,4.9354e-02
6.8391e-02,1.8030e-02,5.0677e-02
7.0795e-02,1.8898e-02,5.2022e-02
7.3282e-02,1.9801e-02,5.3391e-02
7.5858e-02,2.0742e-02,5.4783e-02
7.8524e-02,2.1722e-02,5.6198e-02
8.1283e-02,2.2742e-02,5.7634e-02
8.4140e-02,2.3802e-02,5.9093e-02
8.7096e-02,2.4904e-02,6.0572e-02
9.0157e-02,2.6050e-02,6.2071e-02
9.3325e-02,2.7239e-02,6.3591e-02
9.6605e-02,2.8474e-02,6.5129e-02
1.0000e-01,2.9755e-02,6.6686e-02
1.0351e-01,3.1083e-02,6.8260e-02
1.0715e-01,3.2460e-02,6.9851e-02
1.1092e-01,3.3886e-02,7.1457e-02
1.1482e-01,3.5362e-02,7.3078e-02
1.1885e-01,3.6890e-02,7.4712e-02
1.2303e-01,3.8469e-02,7.6359e-02
1.2735e-01,4.0101e-02,7.8017e-02
1.3183e-01,4.1787e-02,7.9685e-02
1.3646e-01,4.3527e-02,8.1361e-02
1.4125e-01,4.5322e-02,8.3045e-02
1.4622e-01,4.7173e-02,8.4735e-02
1.5136e-01,4.9080e-02,8.6429e-02
1.5668e-01,5.1043e-02,8.8127e-02
1.6218e-01,5.3064e-02,8.9826e-02
1.6788e-01,5.5142e-02,9.1525e-02
1.7378e-01,5.7277e-02,9.3222e-02
1.7989e-01,5.9470e-02,9.4917e-02
1.8621e-01,6.1721e-02,9.6606e-02
1.9275e-01,6.4030e-02,9.8289e-02
1.9953e-01,6.6396e-02,9.9965e-02
2.0654e-01,6.8820e-02,1.0163e-01
2.1380e-01,7.1302e-02,1.0328e-01
2.2131e-01,7.3840e-02,1.0492e-01
2.2909e-01,7.6435e-02,1.0655e-01
2.3714e-01,7.9086e-02,1.0816e-01
2.4547e-01,8.1793e-02,1.0975e-01
2.5410e-01,8.4554e-02,1.1133e-01
2.6303e-01,8.7369e-02,1.1288e-01
2.7227e-01,9.0237e-02,1.1441e-01
2.8184e-01,9.3158e-02,1.1591e-01
2.9174e-01,9.6129e-02,1.1739e-01
3.0200e-01,9.9151e-02,1.1884e-01
3.1261e-01,1.0222e-01,1.2027e-01
3.2359e-01,1.0534e-01,1.2166e-01
3.3497e-01,1.0850e-01,1.2302e-01
3.4674e-01,1.1171e-01,1.2435e-01
3.5892e-01,1.1497e-01,1.2565e-01
3.7154e-01,1.1826e-01,1.2692e-01
3.8459e-01,1.2160e-01,1.2815e-01
3.9811e-01,1.2497e-01,1.2934e-01
4.1210e-01,1.2838e-01,1.3049e-01
4.2658e-01,1.3183e-01,1.3161e-01
4.4157e-01,1.3531e-01,1.3269e-01
4.5709e-01,1.3883e-01,1.3373e-01
4.7315e-01,1.4237e-01,1.3474e-01
4.8978e-01,1.4595e-01,1.3570e-01
5.0699e-01,1.4955e-01,1.3662e-01
5.2481e-01,1.5318e-01,1.3750e-01
5.4325e-01,1.5683e-01,1.3835e-01
5.6234e-01,1.6050e-01,1.3915e-01
5.8210e-01,1.6419e-01,1.3991e-01
6.0256e-01,1.6791e-01,1.4063e-01
6.2373e-01,1.7164e-01,1.4131e-01
6.4565e-01,1.7538e-01,1.4194e-01
6.6834e-01,1.7914e-01,1.4254e-01
6.9183e-01,1.8291e-01,1.4310e-01
7.1614e-01,1.8670e-01,1.4362e-01
7.4131e-01,1.9049e-01,1.4410e-01
7.6736e-01,1.9429e-01,1.4454e-01
7.9433e-01,1.9810e-01,1.4495e-01
8.2224e-01,2.0191e-01,1.4531e-01
8.5114e-01,2.0572e-01,1.4564e-01
8.8105e-01,2.0954e-01,1.4593e-01
9.1201e-01,2.1336e-01,1.4619e-01
9.4406e-01,2.1718e-01,1.4641e-01
9.7724e-01,2.2099e-01,1.4660e-01
1.0116e+00,2.2481e-01,1.4675e-01
1.0471e+00,2.2862e-01,1.4688e-01
1.0839e+00,2.3243e-01,1.4696e-01
1.1220e+00,2.3623e-01,1.4702e-01
1.1614e+00,2.4002e-01,1.4705e-01
1.2023e+00,2.4381e-01,1.4705e-01
1.2445e+00,2.4759e-01,1.4702e-01
1.2882e+00,2.5136e-01,1.4696e-01
1.3335e+00,2.5512e-01,1.4687e-01
1.3804e+00,2.5888e-01,1.4676e-01
1.4289e+00,2.6262e-01,1.4662e-01
1.4791e+00,2.6634e-01,1.4646e-01
1.5311e+00,2.7006e-01,1.4627e-01
1.5849e+00,2.7376e-01,1.4607e-01
1.6406e+00,2.7746e-01,1.4583e-01
1.6982e+00,2.8113e-01,1.4558e-01
1.7579e+00,2.8480e-01,1.4531e-01
1.8197e+00,2.8844e-01,1.4502e-01
1.8836e+00,2.9208e-01,1.4471e-01
1.9498e+00,2.9569e-01,1.4438e-01
2.0184e+00,2.9930e-01,1.4403e-01
2.0893e+00,3.0288e-01,1.4367e-01
2.1627e+00,3.0646e-01,1.4329e-01
2.2387e+00,3.1001e-01,1.4289e-01
2.3174e+00,3.1355e-01,1.4248e-01
2.3988e+00,3.1707e-01,1.4206e-01
2.4831e+00,3.2057e-01,1.4162e-01
2.5704e+00,3.2406e-01,1.4117e-01
2.6607e+00,3.2753e-01,1.4071e-01
2.7542e+00,3.3098e-01,1.4024e-01
2.8510e+00,3.3442e-01,1.3975e-01
2.9512e+00,3.3784e-01,1.3926e-01
3.0549e+00,3.4124e-01,1.3875e-01
3.1623e+00,3.4462e-01,1.3824e-01
3.2734e+00,3.4799e-01,1.3772e-01
3.3884e+00,3.5133e-01,1.3719e-01
3.5075e+00,3.5466e-01,1.3665e-01
3.6308e+00,3.5798e-01,1.3610e-01
3.7584e+00,3.6127e-01,1.3555e-01
3.8905e+00,3.6455e-01,1.3499e-01
4.0272e+00,3.6781e-01,1.3442e-01
4.1687e+00,3.7105e-01,1.3385e-01
4.3152e+00,3.7428e-01,1.3328e-01
4.4668e+00,3.7748e-01,1.3270e-01
4.6238e+00,3.8067e-01,1.3211e-01
4.7863e+00,3.8385e-01,1.3152e-01
4.9545e+00,3.8700e-01,1.3092e-01
5.1286e+00,3.9014e-01,1.3033e-01
5.3088e+00,3.9326e-01,1.2973e-01
5.4954e+00,3.9636e-01,1.2912e-01
5.6885e+00,3.9945e-01,1.2851e-01
5.8884e+00,4.0252e-01,1.2790e-01
6.0954e+00,4.0557e-01,1.2729e-01
6.3096e+00,4.0860e-01,1.2668e-01
6.5313e+00,4.1162e-01,1.2606e-01
6.7608e+00,4.1462e-01,1.2545e-01
6.9984e+00,4.1760e-01,1.2483e-01
7.2444e+00,4.2057e-01,1.2421e-01
7.4989e+00,4.2352e-01,1.2359e-01
7.7625e+00,4.2646e-01,1.2296e-01
8.0353e+00,4.2938e-01,1.2234e-01
8.3176e+00,4.3228e-01,1.2172e-01
8.6099e+00,4.3516e-01,1.2110e-01
8.9125e+00,4.3803e-01,1.2047e-01
9.2257e+00,4.4088e-01,1.1985e-01
9.5499e+00,4.4372e-01,1.1923e-01
9.8855e+00,4.4654e-01,1.1861e-01
1.0233e+01,4.4935e-01,1.1798e-01
1.0593e+01,4.5213e-01,1.1736e-01
1.0965e+01,4.5491e-01,1.1674e-01
1.1350e+01,4.5767e-01,1.1612e-01
1.1749e+01,4.6041e-01,1.1550e-01
1.2162e+01,4.6313e-01,1.1488e-01
1.2589e+01,4.6584e-01,1.1427e-01
1.3032e+01,4.6854e-01,1.1365e-01
1.3490e+01,4.7122e-01,1.1303e-01
1.3964e+01,4.7388e-01,1.1242e-01
1.4454e+01,4.7653e-01,1.1181e-01
1.4962e+01,4.7917e-01,1.1120e-01
1.5488e+01,4.8178e-01,1.1059e-01
1.6032e+01,4.8439e-01,1.0998e-01
1.6596e+01,4.8698e-01,1.0938e-01
1.7179e+01,4.8955e-01,1.0877e-01
1.7783e+01,4.9211e-01,1.0817e-01
1.8408e+01,4.9465e-01,1.0757e-01
1.9055e+01,4.9718e-01,1.0698e-01
1.9724e+01,4.9970e-01,1.0638e-01
2.0417e+01,5.0220e-01,1.0579e-01
2.1135e+01,5.0468e-01,1.0520e-01
2.1878e+01,5.0716e-01,1.0461e-01
2.2646e+01,5.0961e-01,1.0402e-01
2.3442e+01,5.1206e-01,1.0344e-01
2.4266e+01,5.1448e-01,1.0286e-01
2.5119e+01,5.1690e-01,1.0228e-01
2.6002e+01,5.1930e-01,1.0170e-01
2.6915e+01,5.2169e-01,1.0113e-01
2.7861e+01,5.2406e-01,1.0055e-01
2.8840e+01,5.2642e-01,9.9986e-02
2.9854e+01,5.2876e-01,9.9420e-02
3.0903e+01,5.3109e-01,9.8856e-02
3.1989e+01,5.3341e-01,9.8296e-02
3.3113e+01,5.3571e-01,9.7738e-02
3.4277e+01,5.3800e-01,9.7183e-02
3.5481e+01,5.4028e-01,9.6630e-02
3.6728e+01,5.4254e-01,9.6081e-02
3.8019e+01,5.4479e-01,9.5535e-02
3.9355e+01,5.4703e-01,9.4991e-02
4.0738e+01,5.4925e-01,9.4450e-02
4.2170e+01,5.5146e-01,9.3913e-02
4.3652e+01,5.5366e-01,9.3378e-02
4.5186e+01,5.5584e-01,9.2847e-02
4.6774e+01,5.5801e-01,9.2319e-02
4.8417e+01,5.6017e-01,9.1793e-02
5.0119e+01,5.6232e-01,9.1271e-02
5.1880e+01,5.6445e-01,9.0752e-02
5.3703e+01,5.6657e-01,9.0236e-02
5.5590e+01,5.6868e-01,8.9724e-02
5.7544e+01,5.7077e-01,8.9214e-02
5.9566e+01,5.7285e-01,8.8708e-02
6.1660e+01,5.7492e-01,8.8205e-02
6.3826e+01,5.7698e-01,8.7705e-02
6.6069e+01,5.7903e-01,8.7209e-02
6.8391e+01,5.8106e-01,8.6716e-02
7.0795e+01,5.8308e-01,8.6226e-02
7.3282e+01,5.8509e-01,8.5740e-02
7.5858e+01,5.8709e-01,8.5257e-02
7.8524e+01,5.8907e-01,8.4777e-02
8.1283e+01,5.9105e-01,8.4301e-02
8.4140e+01,5.9301e-01,8.3828e-02
8.7096e+01,5.9496e-01,8.3359e-02
9.0157e+01,5.9690e-01,8.2893e-02
9.3325e+01,5.9883e-01,8.2430e-02
9.6605e+01,6.0075e-01,8.1971e-02
1.0000e+02,6.0265e-01,8.1515e-02
1.0351e+02,6.0455e-01,8.1063e-02
1.0715e+02,6.0643e-01,8.0614e-02
1.1092e+02,6.0830e-01,8.0169e-02
1.1482e+02,6.1016e-01,7.9727e-02
1.1885e+02,6.1201e-01,7.9288e-02
1.2303e+02,6.1385e-01,7.8854e-02
1.2735e+02,6.1568e-01,7.8422e-02
1.3183e+02,6.1750e-01,7.7994e-02
1.3646e+02,6.1931e-01,7.7570e-02
1.4125e+02,6.2111e-01,7.7149e-02
1.4622e+02,6.2289e-01,7.6732e-02
1.5136e+02,6.2467e-01,7.6318e-02
1.5668e+02,6.2644e-01,7.5908e-02
1.6218e+02,6.2819e-01,7.5501e-02
1.6788e+02,6.2994e-01,7.5098e-02
1.7378e+02,6.3168e-01,7.4698e-02
1.7989e+02,6.3341e-01,7.4302e-02
1.8621e+02,6.3512e-01,7.3909e-02
1.9275e+02,6.3683e-01,7.3520e-02
1.9953e+02,6.3853e-01,7.3134e-02
2.0654e+02,6.4022e-01,7.2752e-02
2.1380e+02,6.4190e-01,7.2373e-02
2.2131e+02,6.4357e-01,7.1998e-02
2.2909e+02,6.4523e-01,7.1626e-02
2.3714e+02,6.4688e-01,7.1258e-02
2.4547e+02,6.4852e-01,7.0893e-02
2.5410e+02,6.5015e-01,7.0532e-02
2.6303e+02,6.5178e-01,7.0174e-02
2.7227e+02,6.5339e-01,6.9819e-02
2.8184e+02,6.5500e-01,6.9468e-02
2.9174e+02,6.5660e-01,6.9121e-02
3.0200e+02,6.5819e-01,6.8777e-02
3.1261e+02,6.5977e-01,6.8436e-02
3.2359e+02,6.6134e-01,6.8099e-02
3.3497e+02,6.6291e-01,6.7765e-02
3.4674e+02,6.6446e-01,6.7434e-02
3.5892e+02,6.6601e-01,6.7107e-02
3.7154e+02,6.6755e-01,6.6783e-02
3.8459e+02,6.6908e-01,6.6462e-02
3.9811e+02,6.7061e-01,6.6145e-02
4.1210e+02,6.7212e-01,6.5831e-02
4.2658e+02,6.7363e-01,6.5521e-02
4.4157e+02,6.7513e-01,6.5213e-02
4.5709e+02,6.7663e-01,6.4909e-02
4.7315e+02,6.7811e-01,6.4608e-02
4.8978e+02,6.7959e-01,6.4311e-02
5.0699e+02,6.8106e-01,6.4016e-02
5.2481e+02,6.8253e-01,6.3725e-02
5.4325e+02,6.8398e-01,6.3437e-02
5.6234e+02,6.8543e-01,6.3152e-02
5.8210e+02,6.8688e-01,6.2870e-02
6.0256e+02,6.8831e-01,6.2592e-02
6.2373e+02,6.8974e-01,6.2316e-02
6.4565e+02,6.9116e-01,6.2043e-02
6.6834e+02,6.9258e-01,6.1774e-02
6.9183e+02,6.9399e-01,6.1507e-02
7.1614e+02,6.9539e-01,6.1244e-02
7.4131e+02,6.9678e-01,6.0984e-02
7.6736e+02,6.9817e-01,6.0726e-02
7.9433e+02,6.9956e-01,6.0472e-02
8.2224e+02,7.0093e-01,6.0220e-02
8.5114e+02,7.0230e-01,5.9971e-02
8.8105e+02,7.0367e-01,5.9725e-02
9.1201e+02,7.0503e-01,5.9482e-02
9.4406e+02,7.0638e-01,5.9242e-02
9.7724e+02,7.0773e-01,5.9005e-02
1.0116e+03,7.0907e-01,5.8770e-02
1.0471e+03,7.1040e-01,5.8538e-02
1.0839e+03,7.1173e-01,5.8309e-02
1.1220e+03,7.1305e-01,5.8082e-02
1.1614e+03,7.1437e-01,5.7859e-02
1.2023e+03,7.1569e-01,5.7637e-02
1.2445e+03,7.1699e-01,5.7419e-02
1.2882e+03,7.1829e-01,5.7203e-02
1.3335e+03,7.1959e-01,5.6990e-02
1.3804e+03,7.2088e-01,5.6779e-02
1.4289e+03,7.2217e-01,5.6570e-02
1.4791e+03,7.2345e-01,5.6364e-02
1.5311e+03,7.2473e-01,5.6161e-02
1.5849e+03,7.2600e-01,5.5960e-02
1.6406e+03,7.2726e-01,5.5761e-02
1.6982e+03,7.2853e-01,5.5565e-02
1.7579e+03,7.2978e-01,5.5371e-02
1.8197e+03,7.3103e-01,5.5180e-02
1.8836e+03,7.3228e-01,5.4991e-02
1.9498e+03,7.3352e-01,5.4804e-02
2.0184e+03,7.3476e-01,5.4619e-02
2.0893e+03,7.3600e-01,5.4436e-02
2.1627e+03,7.3722e-01,5.4256e-02
2.2387e+03,7.3845e-01,5.4077e-02
2.3174e+03,7.3967e-01,5.3901e-02
2.3988e+03,7.4089e-01,5.3727e-02
2.4831e+03,7.4210e-01,5.3555e-02
2.5704e+03,7.4331e-01,5.3385e-02
2.6607e+03,7.4451e-01,5.3217e-02
2.7542e+03,7.4571e-01,5.3051e-02
2.8510e+03,7.4690e-01,5.2887e-02
2.9512e+03,7.4810e-01,5.2725e-02
3.0549e+03,7.4928e-01,5.2565e-02
3.1623e+03,7.5047e-01,5.2406e-02
3.2734e+03,7.5165e-01,5.2250e-02
3.3884e+03,7.5282e-01,5.2095e-02
3.5075e+03,7.5399e-01,5.1942e-02
3.6308e+03,7.5516e-01,5.1790e-02
3.7584e+03,7.5633e-01,5.1641e-02
3.8905e+03,7.5749e-01,5.1493e-02
4.0272e+03,7.5865e-01,5.1346e-02
4.1687e+03,7.5980e-01,5.1202e-02
4.3152e+03,7.6095e-01,5.1058e-02
4.4668e+03,7.6210e-01,5.0917e-02
4.6238e+03,7.6324e-01,5.0777e-02
4.7863e+03,7.6438e-01,5.0638e-02
4.9545e+03,7.6552e-01,5.0501e-02
5.1286e+03,7.6666e-01,5.0366e-02
5.3088e+03,7.6779e-01,5.0231e-02
5.4954e+03,7.6891e-01,5.0098e-02
5.6885e+03,7.7004e-01,4.9967e-02
5.8884e+03,7.7116e-01,4.9837e-02
6.0954e+03,7.7228e-01,4.9708e-02
6.3096e+03,7.7339e-01,4.9580e-02
6.5313e+03,7.7450e-01,4.9454e-02
6.7608e+03,7.7561e-01,4.9329e-02
6.9984e+03,7.7672e-01,4.9204e-02
7.2444e+03,7.7782e-01,4.9082e-02
7.4989e+03,7.7892e-01,4.8960e-02
7.7625e+03,7.8002e-01,4.8839e-02
8.0353e+03,7.8111e-01,4.8720e-02
8.3176e+03,7.8220e-01,4.8601e-02
8.6099e+03,7.8329e-01,4.8483e-02
8.9125e+03,7.8438e-01,4.8367e-02
9.2257e+03,7.8546e-01,4.8251e-02
9.5499e+03,7.8654e-01,4.8136e-02
9.8855e+03,7.8762e-01,4.8023e-02
1.0233e+04,7.8869e-01,4.7910e-02
1.0593e+04,7.8977e-01,4.7798e-02
1.0965e+04,7.9084e-01,4.7686e-02
1.1350e+04,7.9190e-01,4.7576e-02
1.1749e+04,7.9297e-01,4.7466e-02
1.2162e+04,7.9403e-01,4.7357e-02
1.2589e+04,7.9509e-01,4.7249e-02
1.3032e+04,7.9615e-01,4.7141e-02
1.3490e+04,7.9720e-01,4.7034e-02
1.3964e+04,7.9825e-01,4.6928e-02
1.4454e+04,7.9930e-01,4.6822e-02
1.4962e+04,8.0035e-01,4.6717e-02
1.5488e+04,8.0139e-01,4.6613e-02
1.6032e+04,8.0243e-01,4.6509e-02
1.6596e+04,8.0347e-01,4.6405e-02
1.7179e+04,8.0451e-01,4.6302e-02
1.7783e+04,8.0555e-01,4.6200e-02
1.8408e+04,8.0658e-01,4.6098e-02
1.9055e+04,8.0761e-01,4.5996e-02
1.9724e+04,8.0864e-01,4.5895e-02
2.0417e+04,8.0966e-01,4.5794e-02
2.1135e+04,8.1068e-01,4.5693e-02
2.1878e+04,8.1170e-01,4.5593e-02
2.2646e+04,8.1272e-01,4.5493e-02
2.3442e+04,8.1374e-01,4.5393e-02
2.4266e+04,8.1475e-01,4.5294e-02
2.5119e+04,8.1576e-01,4.5195e-02
2.6002e+04,8.1677e-01,4.5096e-02
2.6915e+04,8.1778e-01,4.4997e-02
2.7861e+04,8.1878e-01,4.4898e-02
2.8840e+04,8.1979e-01,4.4800e-02
2.9854e+04,8.2079e-01,4.4702e-02
3.0903e+04,8.2178e-01,4.4603e-02
3.1989e+04,8.2278e-01,4.4505e-02
3.3113e+04,8.2377e-01,4.4407e-02
3.4277e+04,8.2476e-01,4.4309e-02
3.5481e+04,8.2575e-01,4.4211e-02
3.6728e+04,8.2674e-01,4.4113e-02
3.8019e+04,8.2772e-01,4.4015e-02
3.9355e+04,8.2871e-01,4.3917e-02
4.0738e+04,8.2969e-01,4.3819e-02
4.2170e+04,8.3066e-01,4.3721e-02
4.3652e+04,8.3164e-01,4.3622e-02
4.5186e+04,8.3261e-01,4.3524e-02
4.6774e+04,8.3358e-01,4.3426e-02
4.8417e+04,8.3455e-01,4.3327e-02
5.0119e+04,8.3552e-01,4.3228e-02
5.1880e+04,8.3648e-01,4.3129e-02
5.3703e+04,8.3745e-01,4.3030e-02
5.5590e+04,8.3841e-01,4.2931e-02
5.7544e+04,8.3936e-01,4.2831e-02
5.9566e+04,8.4032e-01,4.2732e-02
6.1660e+04,8.4127e-01,4.2632e-02
6.3826e+04,8.4222e-01,4.2531e-02
6.6069e+04,8.4317e-01,4.2431e-02
6.8391e+04,8.4412e-01,4.2330e-02
7.0795e+04,8.4506e-01,4.2229e-02
7.3282e+04,8.4601e-01,4.2127e-02
7.5858e+04,8.4695e-01,4.2026e-02
7.8524e+04,8.4788e-01,4.1923e-02
8.1283e+04,8.4882e-01,4.1821e-02
8.4140e+04,8.4975e-01,4.1718e-02
8.7096e+04,8.5068e-01,4.1615e-02
9.0157e+04,8.5161e-01,4.1511e-02
9.3325e+04,8.5254e-01,4.1407e-02
9.6605e+04,8.5346e-01,4.1303e-02
1.0000e+05,8.5438e-01,4.1198e-02
1.0351e+05,8.5530e-01,4.1092e-02
1.0715e+05,8.5622e-01,4.0987e-02
1.1092e+05,8.5713e-01,4.0880e-02
1.1482e+05,8.5804e-01,4.0774e-02
1.1885e+05,8.5895e-01,4.0667e-02
1.2303e+05,8.5986e-01,4.0559e-02
1.2735e+05,8.6076e-01,4.0451e-02
1.3183e+05,8.6167e-01,4.0342e-02
1.3646e+05,8.6257e-01,4.0233e-02
1.4125e+05,8.6346e-01,4.0123e-02
1.4622e+05,8.6436e-01,4.0013e-02
1.5136e+05,8.6525e-01,3.9902e-02
1.5668e+05,8.6614e-01,3.9791e-02
1.6218e+05,8.6703e-01,3.9679e-02
1.6788e+05,8.6791e-01,3.9566e-02
1.7378e+05,8.6880e-01,3.9453e-02
1.7989e+05,8.6968e-01,3.9340e-02
1.8621e+05,8.7055e-01,3.9226e-02
1.9275e+05,8.7143e-01,3.9111e-02
1.9953e+05,8.7230e-01,3.8996e-02
2.0654e+05,8.7317e-01,3.8880e-02
2.1380e+05,8.7404e-01,3.8763e-02
2.2131e+05,8.7490e-01,3.8646e-02
2.2909e+05,8.7576e-01,3.8528e-02
2.3714e+05,8.7662e-01,3.8410e-02
2.4547e+05,8.7748e-01,3.8291e-02
2.5410e+05,8.7833e-01,3.8171e-02
2.6303e+05,8.7919e-01,3.8051e-02
2.7227e+05,8.8004e-01,3.7930e-02
2.8184e+05,8.8088e-01,3.7809e-02
2.9174e+05,8.8172e-01,3.7687e-02
3.0200e+05,8.8257e-01,3.7564e-02
3.1261e+05,8.8340e-01,3.7441e-02
3.2359e+05,8.8424e-01,3.7317e-02
3.3497e+05,8.8507e-01,3.7192e-02
3.4674e+05,8.8590e-01,3.7067e-02
3.5892e+05,8.8673e-01,3.6941e-02
3.7154e+05,8.8755e-01,3.6815e-02
3.8459e+05,8.8837e-01,3.6688e-02
3.9811e+05,8.8919e-01,3.6560e-02
4.1210e+05,8.9001e-01,3.6432e-02
4.2658e+05,8.9082e-01,3.6303e-02
4.4157e+05,8.9163e-01,3.6173e-02
4.5709e+05,8.9244e-01,3.6043e-02
4.7315e+05,8.9324e-01,3.5912e-02
4.8978e+05,8.9404e-01,3.5780e-02
5.0699e+05,8.9484e-01,3.5648e-02
5.2481e+05,8.9564e-01,3.5515e-02
5.4325e+05,8.9643e-01,3.5382e-02
5.6234e+05,8.9722e-01,3.5248e-02
5.8210e+05,8.9801e-01,3.5113e-02
6.0256e+05,8.9879e-01,3.4978e-02
6.2373e+05,8.9957e-01,3.4842e-02
6.4565e+05,9.0035e-01,3.4706e-02
6.6834e+05,9.0112e-01,3.4569e-02
6.9183e+05,9.0189e-01,3.4431e-02
7.1614e+05,9.0266e-01,3.4293e-02
7.4131e+05,9.0343e-01,3.4154e-02
7.6736e+05,9.0419e-01,3.4015e-02
7.9433e+05,9.0495e-01,3.3875e-02
8.2224e+05,9.0570e-01,3.3734e-02
8.5114e+05,9.0646e-01,3.3593e-02
8.8105e+05,9.0721e-01,3.3451e-02
9.1201e+05,9.0795e-01,3.3309e-02
9.4406e+05,9.0869e-01,3.3166e-02
9.7724e+05,9.0943e-01,3.3023e-02
1.0116e+06,9.1017e-01,3.2879e-02
1.0471e+06,9.1091e-01,3.2735e-02
1.0839e+06,9.1164e-01,3.2590e-02
1.1220e+06,9.1236e-01,3.2444e-02
1.1614e+06,9.1309e-01,3.2298e-02
1.2023e+06,9.1381e-01,3.2152e-02
1.2445e+06,9.1452e-01,3.2005e-02
1.2882e+06,9.1524e-01,3.1857e-02
1.3335e+06,9.1595e-01,3.1710e-02
1.3804e+06,9.1666e-01,3.1561e-02
1.4289e+06,9.1736e-01,3.1412e-02
1.4791e+06,9.1806e-01,3.1263e-02
1.5311e+06,9.1876e-01,3.1113e-02
1.5849e+06,9.1945e-01,3.0963e-02
1.6406e+06,9.2014e-01,3.0813e-02
1.6982e+06,9.2083e-01,3.0662e-02
1.7579e+06,9.2152e-01,3.0510e-02
1.8197e+06,9.2220e-01,3.0358e-02
1.8836e+06,9.2287e-01,3.0206e-02
1.9498e+06,9.2355e-01,3.0053e-02
2.0184e+06,9.2422e-01,2.9901e-02
2.0893e+06,9.2489e-01,2.9747e-02
2.1627e+06,9.2555e-01,2.9593e-02
2.2387e+06,9.2621e-01,2.9439e-02
2.3174e+06,9.2687e-01,2.9285e-02
2.3988e+06,9.2752e-01,2.9130e-02
2.4831e+06,9.2817e-01,2.8975e-02
2.5704e+06,9.2882e-01,2.8820e-02
2.6607e+06,9.2946e-01,2.8664e-02
2.7542e+06,9.3010e-01,2.8509e-02
2.8510e+06,9.3073e-01,2.8352e-02
2.9512e+06,9.3137e-01,2.8196e-02
3.0549e+06,9.3199e-01,2.8039e-02
3.1623e+06,9.3262e-01,2.7882e-02
3.2734e+06,9.3324e-01,2.7725e-02
3.3884e+06,9.3386e-01,2.7568e-02
3.5075e+06,9.3447e-01,2.7410e-02
3.6308e+06,9.3509e-01,2.7253e-02
3.7584e+06,9.3569e-01,2.7095e-02
3.8905e+06,9.3630e-01,2.6937e-02
4.0272e+06,9.3690e-01,2.6778e-02
4.1687e+06,9.3750e-01,2.6620e-02
4.3152e+06,9.3809e-01,2.6461e-02
4.4668e+06,9.3868e-01,2.6303e-02
4.6238e+06,9.3927e-01,2.6144e-02
4.7863e+06,9.3985e-01,2.5985e-02
4.9545e+06,9.4043e-01,2.5826e-02
5.1286e+06,9.4100e-01,2.5667e-02
5.3088e+06,9.4158e-01,2.5508e-02
5.4954e+06,9.4214e-01,2.5348e-02
5.6885e+06,9.4271e-01,2.5189e-02
5.8884e+06,9.4327e-01,2.5030e-02
6.0954e+06,9.4383e-01,2.4871e-02
6.3096e+06,9.4438e-01,2.4711e-02
6.5313e+06,9.4493e-01,2.4552e-02
6.7608e+06,9.4548e-01,2.4393e-02
6.9984e+06,9.4602e-01,2.4233e-02
7.2444e+06,9.4656e-01,2.4074e-02
7.4989e+06,9.4710e-01,2.3915e-02
7.7625e+06,9.4763e-01,2.3756e-02
8.0353e+06,9.4816e-01,2.3596e-02
8.3176e+06,9.4869e-01,2.3437e-02
8.6099e+06,9.4921e-01,2.3278e-02
8.9125e+06,9.4973e-01,2.3120e-02
9.2257e+06,9.5024e-01,2.2961e-02
9.5499e+06,9.5075e-01,2.2802e-02
9.8855e+06,9.5126e-01,2.2644e-02
1.0233e+07,9.5177e-01,2.2486e-02
1.0593e+07,9.5227e-01,2.2327e-02
1.0965e+07,9.5276e-01,2.2169e-02
1.1350e+07,9.5326e-01,2.2012e-02
1.1749e+07,9.5375e-01,2.1854e-02
1.2162e+07,9.5423e-01,2.1697e-02
1.2589e+07,9.5472e-01,2.1539e-02
1.3032e+07,9.5520e-01,2.1382e-02
1.3490e+07,9.5567e-01,2.1226e-02
1.3964e+07,9.5614e-01,2.1069e-02
1.4454e+07,9.5661e-01,2.0913e-02
1.4962e+07,9.5708e-01,2.0757e-02
1.5488e+07,9.5754e-01,2.0601e-02
1.6032e+07,9.5800e-01,2.0446e-02
1.6596e+07,9.5845e-01,2.0291e-02
1.7179e+07,9.5890e-01,2.0136e-02
1.7783e+07,9.5935e-01,1.9982e-02
1.8408e+07,9.5980e-01,1.9828e-02
1.9055e+07,9.6024e-01,1.9674e-02
1.9724e+07,9.6068e-01,1.9520e-02
2.0417e+07,9.6111e-01,1.9367e-02
2.1135e+07,9.6154e-01,1.9215e-02
2.1878e+07,9.6197e-01,1.9062e-02
2.2646e+07,9.6239e-01,1.8910e-02
2.3442e+07,9.6281e-01,1.8759e-02
2.4266e+07,9.6323e-01,1.8608e-02
2.5119e+07,9.6364e-01,1.8457e-02
2.6002e+07,9.6405e-01,1.8307e-02
2.6915e+07,9.6446e-01,1.8157e-02
2.7861e+07,9.6486e-01,1.8008e-02
2.8840e+07,9.6526e-01,1.7859e-02
2.9854e+07,9.6566e-01,1.7710e-02
3.0903e+07,9.6605e-01,1.7562e-02
3.1989e+07,9.6644e-01,1.7415e-02
3.3113e+07,9.6683e-01,1.7268e-02
3.4277e+07,9.6721e-01,1.7121e-02
3.5481e+07,9.6759e-01,1.6975e-02
3.6728e+07,9.6797e-01,1.6830e-02
3.8019e+07,9.6834e-01,1.6685e-02
3.9355e+07,9.6872e-01,1.6540e-02
4.0738e+07,9.6908e-01,1.6396e-02
4.2170e+07,9.6945e-01,1.6253e-02
4.3652e+07,9.6981e-01,1.6110e-02
4.5186e+07,9.7016e-01,1.5968e-02
4.6774e+07,9.7052e-01,1.5826e-02
4.8417e+07,9.7087e-01,1.5685e-02
5.0119e+07,9.7122e-01,1.5545e-02
5.1880e+07,9.7156e-01,1.5405e-02
5.3703e+07,9.7190e-01,1.5265e-02
5.5590e+07,9.7224e-01,1.5127e-02
5.7544e+07,9.7258e-01,1.4988e-02
5.9566e+07,9.7291e-01,1.4851e-02
6.1660e+07,9.7324e-01,1.4714e-02
6.3826e+07,9.7357e-01,1.4578e-02
6.6069e+07,9.7389e-01,1.4442e-02
6.8391e+07,9.7421e-01,1.4307e-02
7.0795e+07,9.7453e-01,1.4173e-02
7.3282e+07,9.7484e-01,1.4039e-02
7.5858e+07,9.7515e-01,1.3906e-02
7.8524e+07,9.7546e-01,1.3774e-02
8.1283e+07,9.7577e-01,1.3642e-02
8.4140e+07,9.7607e-01,1.3511e-02
8.7096e+07,9.7637e-01,1.3381e-02
9.0157e+07,9.7666e-01,1.3251e-02
9.3325e+07,9.7696e-01,1.3122e-02
9.6605e+07,9.7725e-01,1.2994e-02
1.0000e+08,9.7754e-01,1.2866e-02
1.0351e+08,9.7782e-01,1.2739e-02
1.0715e+08,9.7810e-01,1.2613e-02
1.1092e+08,9.7838e-01,1.2488e-02
1.1482e+08,9.7866e-01,1.2363e-02
1.1885e+08,9.7893e-01,1.2239e-02
1.2303e+08,9.7920e-01,1.2116e-02
1.2735e+08,9.7947e-01,1.1993e-02
1.3183e+08,9.7974e-01,1.1871e-02
1.3646e+08,9.8000e-01,1.1750e-02
1.4125e+08,9.8026e-01,1.1630e-02
1.4622e+08,9.8052e-01,1.1510e-02
1.5136e+08,9.8077e-01,1.1391e-02
1.5668e+08,9.8102e-01,1.1273e-02
1.6218e+08,9.8127e-01,1.1155e-02
1.6788e+08,9.8152e-01,1.1039e-02
1.7378e+08,9.8176e-01,1.0923e-02
1.7989e+08,9.8201e-01,1.0808e-02
1.8621e+08,9.8224e-01,1.0693e-02
1.9275e+08,9.8248e-01,1.0579e-02
1.9953e+08,9.8271e-01,1.0467e-02
2.0654e+08,9.8295e-01,1.0354e-02
2.1380e+08,9.8317e-01,1.0243e-02
2.2131e+08,9.8340e-01,1.0132e-02
2.2909e+08,9.8363e-01,1.0022e-02
2.3714e+08,9.8385e-01,9.9134e-03
2.4547e+08,9.8407e-01,9.8051e-03
2.5410e+08,9.8428e-01,9.6975e-03
2.6303e+08,9.8450e-01,9.5907e-03
2.7227e+08,9.8471e-01,9.4847e-03
2.8184e+08,9.8492e-01,9.3794e-03
2.9174e+08,9.8512e-01,9.2750e-03
3.0200e+08,9.8533e-01,9.1712e-03
3.1261e+08,9.8553e-01,9.0683e-03
3.2359e+08,9.8573e-01,8.9662e-03
3.3497e+08,9.8593e-01,8.8648e-03
3.4674e+08,9.8613e-01,8.7642e-03
3.5892e+08,9.8632e-01,8.6643e-03
3.7154e+08,9.8651e-01,8.5652e-03
3.8459e+08,9.8670e-01,8.4669e-03
3.9811e+08,9.8689e-01,8.3694e-03
4.1210e+08,9.8707e-01,8.2727e-03
4.2658e+08,9.8725e-01,8.1767e-03
4.4157e+08,9.8743e-01,8.0815e-03
4.5709e+08,9.8761e-01,7.9871e-03
4.7315e+08,9.8779e-01,7.8934e-03
4.8978e+08,9.8796e-01,7.8005e-03
5.0699e+08,9.8813e-01,7.7084e-03
5.2481e+08,9.8830e-01,7.6170e-03
5.4325e+08,9.8847e-01,7.5264e-03
5.6234e+08,9.8864e-01,7.4366e-03
5.8210e+08,9.8880e-01,7.3475e-03
6.0256e+08,9.8896e-01,7.2592e-03
6.2373e+08,9.8912e-01,7.1716e-03
6.4565e+08,9.8928e-01,7.0848e-03
6.6834e+08,9.8944e-01,6.9988e-03
6.9183e+08,9.8959e-01,6.9135e-03
7.1614e+08,9.8974e-01,6.8290e-03
7.4131e+08,9.8989e-01,6.7452e-03
7.6736e+08,9.9004e-01,6.6622e-03
7.9433e+08,9.9019e-01,6.5799e-03
8.2224e+08,9.9033e-01,6.4983e-03
8.5114e+08,9.9048e-01,6.4175e-03
8.8105e+08,9.9062e-01,6.3375e-03
9.1201e+08,9.9076e-01,6.2582e-03
9.4406e+08,9.9090e-01,6.1796e-03
9.7724e+08,9.9103e-01,6.1017e-03
1.0116e+09,9.9117e-01,6.0246e-03
1.0471e+09,9.9130e-01,5.9482e-03
1.0839e+09,9.9143e-01,5.8725e-03
1.1220e+09,9.9156e-01,5.7976e-03
1.1614e+09,9.9169e-01,5.7233e-03
1.2023e+09,9.9181e-01,5.6498e-03
1.2445e+09,9.9194e-01,5.5770e-03
1.2882e+09,9.9206e-01,5.5049e-03
1.3335e+09,9.9218e-01,5.4335e-03
1.3804e+09,9.9230e-01,5.3629e-03
1.4289e+09,9.9242e-01,5.2929e-03
1.4791e+09,9.9253e-01,5.2236e-03
1.5311e+09,9.9265e-01,5.1550e-03
1.5849e+09,9.9276e-01,5.0871e-03
1.6406e+09,9.9287e-01,5.0199e-03
1.6982e+09,9.9298e-01,4.9534e-03
1.7579e+09,9.9309e-01,4.8875e-03
1.8197e+09,9.9320e-01,4.8224e-03
1.8836e+09,9.9331e-01,4.7579e-03
1.9498e+09,9.9341e-01,4.6941e-03
2.0184e+09,9.9351e-01,4.6309e-03
2.0893e+09,9.9362e-01,4.5684e-03
2.1627e+09,9.9372e-01,4.5066e-03
2.2387e+09,9.9381e-01,4.4454e-03
2.3174e+09,9.9391e-01,4.3849e-03
2.3988e+09,9.9401e-01,4.3250e-03
2.4831e+09,9.9410e-01,4.2657e-03
2.5704e+09,9.9420e-01,4.2072e-03
2.6607e+09,9.9429e-01,4.1492e-03
2.7542e+09,9.9438e-01,4.0919e-03
2.8510e+09,9.9447e-01,4.0352e-03
2.9512e+09,9.9456e-01,3.9791e-03
3.0549e+09,9.9465e-01,3.9236e-03
3.1623e+09,9.9473e-01,3.8688e-03
3.2734e+09,9.9482e-01,3.8146e-03
3.3884e+09,9.9490e-01,3.7610e-03
3.5075e+09,9.9498e-01,3.7079e-03
3.6308e+09,9.9506e-01,3.6555e-03
3.7584e+09,9.9515e-01,3.6037e-03
3.8905e+09,9.9522e-01,3.5525e-03
4.0272e+09,9.9530e-01,3.5018e-03
4.1687e+09,9.9538e-01,3.4518e-03
4.3152e+09,9.9545e-01,3.4023e-03
4.4668e+09,9.9553e-01,3.3534e-03
4.6238e+09,9.9560e-01,3.3051e-03
4.7863e+09,9.9568e-01,3.2573e-03
4.9545e+09,9.9575e-01,3.2101e-03
5.1286e+09,9.9582e-01,3.1634e-03
5.3088e+09,9.9589e-01,3.1174e-03
5.4954e+09,9.9595e-01,3.0718e-03
5.6885e+09,9.9602e-01,3.0268e-03
5.8884e+09,9.9609e-01,2.9824e-03
6.0954e+09,9.9615e-01,2.9384e-03
6.3096e+09,9.9622e-01,2.8950e-03
6.5313e+09,9.9628e-01,2.8522e-03
6.7608e+09,9.9634e-01,2.8098e-03
6.9984e+09,9.9641e-01,2.7680e-03
7.2444e+09,9.9647e-01,2.7267e-03
7.4989e+09,9.9653e-01,2.6859e-03
7.7625e+09,9.9658e-01,2.6456e-03
8.0353e+09,9.9664e-01,2.6058e-03
8.3176e+09,9.9670e-01,2.5665e-03
8.6099e+09,9.9676e-01,2.5277e-03
8.9125e+09,9.9681e-01,2.4894e-03
9.2257e+09,9.9687e-01,2.4516e-03
9.5499e+09,9.9692e-01,2.4143e-03
9.8855e+09,9.9697e-01,2.3774e-03
1.0233e+10,9.9702e-01,2.3410e-03
1.0593e+10,9.9708e-01,2.3051e-03
1.0965e+10,9.9713e-01,2.2696e-03
1.1350e+10,9.9718e-01,2.2346e-03
1.1749e+10,9.9722e-01,2.2000e-03
1.2162e+10,9.9727e-01,2.1659e-03
1.2589e+10,9.9732e-01,2.1323e-03
1.3032e+10,9.9737e-01,2.0990e-03
1.3490e+10,9.9741e-01,2.0663e-03
1.3964e+10,9.9746e-01,2.0339e-03
1.4454e+10,9.9750e-01,2.0020e-03
1.4962e+10,9.9755e-01,1.9705e-03
1.5488e+10,9.9759e-01,1.9394e-03
1.6032e+10,9.9763e-01,1.9088e-03
1.6596e+10,9.9767e-01,1.8785e-03
1.7179e+10,9.9771e-01,1.8487e-03
1.7783e+10,9.9776e-01,1.8193e-03
1.8408e+10,9.9779e-01,1.7902e-03
1.9055e+10,9.9783e-01,1.7616e-03
1.9724e+10,9.9787e-01,1.7333e-03
2.0417e+10,9.9791e-01,1.7055e-03
2.1135e+10,9.9795e-01,1.6780e-03
2.1878e+10,9.9798e-01,1.6509e-03
2.2646e+10,9.9802e-01,1.6242e-03
2.3442e+10,9.9806e-01,1.5979e-03
2.4266e+10,9.9809e-01,1.5719e-03
2.5119e+10,9.9813e-01,1.5463e-03
2.6002e+10,9.9816e-01,1.5210e-03
2.6915e+10,9.9819e-01,1.4961e-03
2.7861e+10,9.9823e-01,1.4716e-03
2.8840e+10,9.9826e-01,1.4474e-03
2.9854e+10,9.9829e-01,1.4235e-03
3.0903e+10,9.9832e-01,1.4000e-03
3.1989e+10,9.9835e-01,1.3768e-03
3.3113e+10,9.9838e-01,1.3540e-03
3.4277e+10,9.9841e-01,1.3314e-03
3.5481e+10,9.9844e-01,1.3092e-03
3.6728e+10,9.9847e-01,1.2874e-03
3.8019e+10,9.9850e-01,1.2658e-03
3.9355e+10,9.9852e-01,1.2446e-03
4.0738e+10,9.9855e-01,1.2237e-03
4.2170e+10,9.9858e-01,1.2030e-03
4.3652e+10,9.9860e-01,1.1827e-03
4.5186e+10,9.9863e-01,1.1627e-03
4.6774e+10,9.9866e-01,1.1430e-03
4.8417e+10,9.9868e-01,1.1236e-03
5.0119e+10,9.9870e-01,1.1044e-03
5.1880e+10,9.9873e-01,1.0856e-03
5.3703e+10,9.9875e-01,1.0670e-03
5.5590e+10,9.9878e-01,1.0487e-03
5.7544e+10,9.9880e-01,1.0307e-03
5.9566e+10,9.9882e-01,1.0130e-03
6.1660e+10,9.9884e-01,9.9550e-04
6.3826e+10,9.9887e-01,9.7829e-04
6.6069e+10,9.9889e-01,9.6135e-04
6.8391e+10,9.9891e-01,9.4466e-04
7.0795e+10,9.9893e-01,9.2824e-04
7.3282e+10,9.9895e-01,9.1206e-04
7.5858e+10,9.9897e-01,8.9613e-04
7.8524e+10,9.9899e-01,8.8045e-04
8.1283e+10,9.9901e-01,8.6502e-04
8.4140e+10,9.9903e-01,8.4982e-04
8.7096e+10,9.9904e-01,8.3486e-04
9.0157e+10,9.9906e-01,8.2013e-04
9.3325e+10,9.9908e-01,8.0564e-04
9.6605e+10,9.9910e-01,7.9137e-04
1.0000e+11,9.9912e-01,7.7733e-04
