   f   ,G_stor ,G_loss 
  Hz   ,  GPa  ,  GPa  
1.0000e-04,5.8909e-07,9.9652e-05
1.0351e-04,6.2310e-07,1.0315e-04
1.0715e-04,6.5907e-07,1.0676e-04
1.1092e-04,6.9712e-07,1.1051e-04
1.1482e-04,7.3737e-07,1.1438e-04
1.1885e-04,7.7994e-07,1.1839e-04
1.2303e-04,8.2497e-07,1.2254e-04
1.2735e-04,8.7260e-07,1.2684e-04
1.3183e-04,9.2298e-07,1.3128e-04
1.3646e-04,9.7628e-07,1.3588e-04
1.4125e-04,1.0326e-06,1.4064e-04
1.4622e-04,1.0923e-06,1.4557e-04
1.5136e-04,1.1553e-06,1.5067e-04
1.5668e-04,1.2220e-06,1.5595e-04
1.6218e-04,1.2926e-06,1.6142e-04
1.6788e-04,1.3673e-06,1.6707e-04
1.7378e-04,1.4462e-06,1.7293e-04
1.7989e-04,1.5297e-06,1.7898e-04
1.8621e-04,1.6180e-06,1.8525e-04
1.9275e-04,1.7115e-06,1.9174e-04
1.9953e-04,1.8103e-06,1.9846e-04
2.0654e-04,1.9148e-06,2.0541e-04
2.1380e-04,2.0254e-06,2.1260e-04
2.2131e-04,2.1424e-06,2.2004e-04
2.2909e-04,2.2661e-06,2.2775e-04
2.3714e-04,2.3969e-06,2.3572e-04
2.4547e-04,2.5354e-06,2.4397e-04
2.5410e-04,2.6818e-06,2.5251e-04
2.6303e-04,2.8366e-06,2.6135e-04
2.7227e-04,3.0004e-06,2.7050e-04
2.8184e-04,3.1737e-06,2.7996e-04
2.9174e-04,3.3570e-06,2.8976e-04
3.0200e-04,3.5508e-06,2.9990e-04
3.1261e-04,3.7558e-06,3.1039e-04
3.2359e-04,3.9727e-06,3.2125e-04
3.3497e-04,4.2021e-06,3.3248e-04
3.4674e-04,4.4448e-06,3.4411e-04
3.5892e-04,4.7014e-06,3.5614e-04
3.7154e-04,4.9729e-06,3.6860e-04
3.8459e-04,5.2600e-06,3.8148e-04
3.9811e-04,5.5637e-06,3.9482e-04
4.1210e-04,5.8850e-06,4.0862e-04
4.2658e-04,6.2248e-06,4.2290e-04
4.4157e-04,6.5842e-06,4.3767e-04
4.5709e-04,6.9643e-06,4.5297e-04
4.7315e-04,7.3664e-06,4.6879e-04
4.8978e-04,7.7917e-06,4.8517e-04
5.0699e-04,8.2415e-06,5.0211e-04
5.2481e-04,8.7173e-06,5.1964e-04
5.4325e-04,9.2205e-06,5.3779e-04
5.6234e-04,9.7527e-06,5.5656e-04
5.8210e-04,1.0316e-05,5.7599e-04
6.0256e-04,1.0911e-05,5.9609e-04
6.2373e-04,1.1541e-05,6.1689e-04
6.4565e-04,1.2207e-05,6.3841e-04
6.6834e-04,1.2911e-05,6.6068e-04
6.9183e-04,1.3657e-05,6.8372e-04
7.1614e-04,1.4445e-05,7.0756e-04
7.4131e-04,1.5278e-05,7.3223e-04
7.6736e-04,1.6160e-05,7.5775e-04
7.9433e-04,1.7092e-05,7.8416e-04
8.2224e-04,1.8078e-05,8.1149e-04
8.5114e-04,1.9121e-05,8.3976e-04
8.8105e-04,2.0224e-05,8.6900e-04
9.1201e-04,2.1390e-05,8.9927e-04
9.4406e-04,2.2624e-05,9.3057e-04
9.7724e-04,2.3929e-05,9.6297e-04
1.0116e-03,2.5309e-05,9.9648e-04
1.0471e-03,2.6768e-05,1.0311e-03
1.0839e-03,2.8311e-05,1.0670e-03
1.1220e-03,2.9944e-05,1.1041e-03
1.1614e-03,3.1670e-05,1.1425e-03
1.2023e-03,3.3495e-05,1.1822e-03
1.2445e-03,3.5425e-05,1.2233e-03
1.2882e-03,3.7467e-05,1.2658e-03
1.3335e-03,3.9625e-05,1.3098e-03
1.3804e-03,4.1908e-05,1.3552e-03
1.4289e-03,4.4322e-05,1.4023e-03
1.4791e-03,4.6875e-05,1.4509e-03
1.5311e-03,4.9574e-05,1.5013e-03
1.5849e-03,5.2429e-05,1.5533e-03
1.6406e-03,5.5447e-05,1.6072e-03
1.6982e-03,5.8638e-05,1.6629e-03
1.7579e-03,6.2013e-05,1.7205e-03
1.8197e-03,6.5581e-05,1.7801e-03
1.8836e-03,6.9354e-05,1.8417e-03
1.9498e-03,7.3343e-05,1.9055e-03
2.0184e-03,7.7561e-05,1.9714e-03
2.0893e-03,8.2021e-05,2.0395e-03
2.1627e-03,8.6736e-05,2.1101e-03
2.2387e-03,9.1721e-05,2.1830e-03
2.3174e-03,9.6991e-05,2.2584e-03
2.3988e-03,1.0256e-04,2.3363e-03
2.4831e-03,1.0845e-04,2.4170e-03
2.5704e-03,1.1468e-04,2.5004e-03
2.6607e-03,1.2126e-04,2.5866e-03
2.7542e-03,1.2822e-04,2.6757e-03
2.8510e-03,1.3558e-04,2.7679e-03
2.9512e-03,1.4335e-04,2.8632e-03
3.0549e-03,1.5157e-04,2.9617e-03
3.1623e-03,1.6026e-04,3.0636e-03
3.2734e-03,1.6945e-04,3.1689e-03
3.3884e-03,1.7915e-04,3.2778e-03
3.5075e-03,1.8941e-04,3.3903e-03
3.6308e-03,2.0025e-04,3.5067e-03
3.7584e-03,2.1171e-04,3.6269e-03
3.8905e-03,2.2382e-04,3.7512e-03
4.0272e-03,2.3662e-04,3.8797e-03
4.1687e-03,2.5014e-04,4.0125e-03
4.3152e-03,2.6443e-04,4.1498e-03
4.4668e-03,2.7953e-04,4.2916e-03
4.6238e-03,2.9549e-04,4.4382e-03
4.7863e-03,3.1235e-04,4.5897e-03
4.9545e-03,3.3016e-04,4.7463e-03
5.1286e-03,3.4898e-04,4.9080e-03
5.3088e-03,3.6886e-04,5.0752e-03
5.4954e-03,3.8986e-04,5.2479e-03
5.6885e-03,4.1205e-04,5.4263e-03
5.8884e-03,4.3548e-04,5.6106e-03
6.0954e-03,4.6023e-04,5.8010e-03
6.3096e-03,4.8638e-04,5.9977e-03
6.5313e-03,5.1399e-04,6.2009e-03
6.7608e-03,5.4315e-04,6.4107e-03
6.9984e-03,5.7394e-04,6.6274e-03
7.2444e-03,6.0646e-04,6.8512e-03
7.4989e-03,6.4079e-04,7.0823e-03
7.7625e-03,6.7704e-04,7.3210e-03
8.0353e-03,7.1532e-04,7.5674e-03
8.3176e-03,7.5572e-04,7.8217e-03
8.6099e-03,7.9837e-04,8.0844e-03
8.9125e-03,8.4339e-04,8.3555e-03
9.2257e-03,8.9090e-04,8.6353e-03
9.5499e-03,9.4105e-04,8.9241e-03
9.8855e-03,9.9397e-04,9.2222e-03
1.0233e-02,1.0498e-03,9.5298e-03
1.0593e-02,1.1087e-03,9.8471e-03
1.0965e-02,1.1709e-03,1.0175e-02
1.1350e-02,1.2365e-03,1.0512e-02
1.1749e-02,1.3057e-03,1.0861e-02
1.2162e-02,1.3786e-03,1.1220e-02
1.2589e-02,1.4556e-03,1.1591e-02
1.3032e-02,1.5367e-03,1.1973e-02
1.3490e-02,1.6223e-03,1.2367e-02
1.3964e-02,1.7125e-03,1.2774e-02
1.4454e-02,1.8076e-03,1.3192e-02
1.4962e-02,1.9078e-03,1.3624e-02
1.5488e-02,2.0134e-03,1.4069e-02
1.6032e-02,2.1247e-03,1.4527e-02
1.6596e-02,2.2420e-03,1.5000e-02
1.7179e-02,2.3656e-03,1.5486e-02
1.7783e-02,2.4958e-03,1.5988e-02
1.8408e-02,2.6329e-03,1.6504e-02
1.9055e-02,2.7773e-03,1.7035e-02
1.9724e-02,2.9293e-03,1.7582e-02
2.0417e-02,3.0894e-03,1.8145e-02
2.1135e-02,3.2578e-03,1.8725e-02
2.1878e-02,3.4351e-03,1.9321e-02
2.2646e-02,3.6217e-03,1.9935e-02
2.3442e-02,3.8180e-03,2.0566e-02
2.4266e-02,4.0244e-03,2.1215e-02
2.5119e-02,4.2416e-03,2.1882e-02
2.6002e-02,4.4699e-03,2.2568e-02
2.6915e-02,4.7099e-03,2.3273e-02
2.7861e-02,4.9622e-03,2.3997e-02
2.8840e-02,5.2273e-03,2.4741e-02
2.9854e-02,5.5058e-03,2.5505e-02
3.0903e-02,5.7984e-03,2.6290e-02
3.1989e-02,6.1056e-03,2.7095e-02
3.3113e-02,6.4282e-03,2.7921e-02
3.4277e-02,6.7667e-03,2.8769e-02
3.5481e-02,7.1220e-03,2.9639e-02
3.6728e-02,7.4948e-03,3.0530e-02
3.8019e-02,7.8857e-03,3.1444e-02
3.9355e-02,8.2956e-03,3.2380e-02
4.0738e-02,8.7253e-03,3.3340e-02
4.2170e-02,9.1756e-03,3.4322e-02
4.3652e-02,9.6474e-03,3.5327e-02
4.5186e-02,1.0141e-02,3.6356e-02
4.6774e-02,1.0659e-02,3.7409e-02
4.8417e-02,1.1200e-02,3.8485e-02
5.0119e-02,1.1767e-02,3.9585e-02
5.1880e-02,1.2359e-02,4.0709e-02
5.3703e-02,1.2979e-02,4.1858e-02
5.5590e-02,1.3626e-02,4.3030e-02
5.7544e-02,1.4303e-02,4.4226e-02
5.9566e-02,1.5010e-02,4.5446e-02
6.1660e-02,1.5747e-02,4.6690e-02
6.3826e-02,1.6517e-02,4.7957e-02
6.6069e-02,1.7320e-02,4.9248e-02
6.8391e-02,1.8158e-02,5.0562e-02
7.0795e-02,1.9031e-02,5.1900e-02
7.3282e-02,1.9940e-02,5.3260e-02
7.5858e-02,2.0887e-02,5.4642e-02
7.8524e-02,2.1873e-02,5.6046e-02
8.1283e-02,2.2899e-02,5.7472e-02
8.4140e-02,2.3966e-02,5.8919e-02
8.7096e-02,2.5074e-02,6.0386e-02
9.0157e-02,2.6226e-02,6.1872e-02
9.3325e-02,2.7422e-02,6.3378e-02
9.6605e-02,2.8663e-02,6.4902e-02
1.0000e-01,2.9951e-02,6.6443e-02
1.0351e-01,3.1286e-02,6.8001e-02
1.0715e-01,3.2669e-02,6.9575e-02
1.1092e-01,3.4101e-02,7.1163e-02
1.1482e-01,3.5584e-02,7.2764e-02
1.1885e-01,3.7117e-02,7.4379e-02
1.2303e-01,3.8702e-02,7.6004e-02
1.2735e-01,4.0340e-02,7.7640e-02
1.3183e-01,4.2031e-02,7.9285e-02
1.3646e-01,4.3777e-02,8.0937e-02
1.4125e-01,4.5577e-02,8.2595e-02
1.4622e-01,4.7432e-02,8.4258e-02
1.5136e-01,4.9343e-02,8.5924e-02
1.5668e-01,5.1309e-02,8.7592e-02
1.6218e-01,5.3333e-02,8.9261e-02
1.6788e-01,5.5413e-02,9.0928e-02
1.7378e-01,5.7550e-02,9.2593e-02
1.7989e-01,5.9743e-02,9.4253e-02
1.8621e-01,6.1994e-02,9.5906e-02
1.9275e-01,6.4302e-02,9.7553e-02
1.9953e-01,6.6667e-02,9.9189e-02
2.0654e-01,6.9088e-02,1.0081e-01
2.1380e-01,7.1565e-02,1.0243e-01
2.2131e-01,7.4099e-02,1.0403e-01
2.2909e-01,7.6687e-02,1.0561e-01
2.3714e-01,7.9331e-02,1.0717e-01
2.4547e-01,8.2028e-02,1.0872e-01
2.5410e-01,8.4779e-02,1.1025e-01
2.6303e-01,8.7582e-02,1.1175e-01
2.7227e-01,9.0437e-02,1.1323e-01
2.8184e-01,9.3342e-02,1.1468e-01
2.9174e-01,9.6297e-02,1.1611e-01
3.0200e-01,9.9300e-02,1.1751e-01
3.1261e-01,1.0235e-01,1.1888e-01
3.2359e-01,1.0545e-01,1.2022e-01
3.3497e-01,1.0859e-01,1.2152e-01
3.4674e-01,1.1177e-01,1.2280e-01
3.5892e-01,1.1499e-01,1.2404e-01
3.7154e-01,1.1826e-01,1.2525e-01
3.8459e-01,1.2156e-01,1.2642e-01
3.9811e-01,1.2490e-01,1.2755e-01
4.1210e-01,1.2828e-01,1.2865e-01
4.2658e-01,1.3169e-01,1.2970e-01
4.4157e-01,1.3513e-01,1.3072e-01
4.5709e-01,1.3860e-01,1.3170e-01
4.7315e-01,1.4210e-01,1.3265e-01
4.8978e-01,1.4563e-01,1.3355e-01
5.0699e-01,1.4918e-01,1.3441e-01
5.2481e-01,1.5275e-01,1.3523e-01
5.4325e-01,1.5635e-01,1.3601e-01
5.6234e-01,1.5997e-01,1.3675e-01
5.8210e-01,1.6360e-01,1.3745e-01
6.0256e-01,1.6725e-01,1.3811e-01
6.2373e-01,1.7092e-01,1.3873e-01
6.4565e-01,1.7460e-01,1.3931e-01
6.6834e-01,1.7829e-01,1.3985e-01
6.9183e-01,1.8199e-01,1.4035e-01
7.1614e-01,1.8570e-01,1.4081e-01
7.4131e-01,1.8942e-01,1.4123e-01
7.6736e-01,1.9315e-01,1.4162e-01
7.9433e-01,1.9687e-01,1.4196e-01
8.2224e-01,2.0061e-01,1.4228e-01
8.5114e-01,2.0434e-01,1.4255e-01
8.8105e-01,2.0807e-01,1.4279e-01
9.1201e-01,2.1181e-01,1.4300e-01
9.4406e-01,2.1554e-01,1.4317e-01
9.7724e-01,2.1927e-01,1.4331e-01
1.0116e+00,2.2299e-01,1.4341e-01
1.0471e+00,2.2671e-01,1.4348e-01
1.0839e+00,2.3042e-01,1.4353e-01
1.1220e+00,2.3413e-01,1.4354e-01
1.1614e+00,2.3783e-01,1.4352e-01
1.2023e+00,2.4152e-01,1.4348e-01
1.2445e+00,2.4520e-01,1.4341e-01
1.2882e+00,2.4887e-01,1.4331e-01
1.3335e+00,2.5253e-01,1.4319e-01
1.3804e+00,2.5618e-01,1.4304e-01
1.4289e+00,2.5982e-01,1.4286e-01
1.4791e+00,2.6344e-01,1.4267e-01
1.5311e+00,2.6705e-01,1.4245e-01
1.5849e+00,2.7065e-01,1.4221e-01
1.6406e+00,2.7423e-01,1.4194e-01
1.6982e+00,2.7780e-01,1.4166e-01
1.7579e+00,2.8135e-01,1.4136e-01
1.8197e+00,2.8489e-01,1.4104e-01
1.8836e+00,2.8842e-01,1.4071e-01
1.9498e+00,2.9192e-01,1.4035e-01
2.0184e+00,2.9542e-01,1.3998e-01
2.0893e+00,2.9889e-01,1.3960e-01
2.1627e+00,3.0235e-01,1.3920e-01
2.2387e+00,3.0579e-01,1.3879e-01
2.3174e+00,3.0922e-01,1.3836e-01
2.3988e+00,3.1262e-01,1.3792e-01
2.4831e+00,3.1602e-01,1.3747e-01
2.5704e+00,3.1939e-01,1.3700e-01
2.6607e+00,3.2275e-01,1.3653e-01
2.7542e+00,3.2608e-01,1.3604e-01
2.8510e+00,3.2941e-01,1.3555e-01
2.9512e+00,3.3271e-01,1.3505e-01
3.0549e+00,3.3600e-01,1.3453e-01
3.1623e+00,3.3926e-01,1.3401e-01
3.2734e+00,3.4252e-01,1.3348e-01
3.3884e+00,3.4575e-01,1.3295e-01
3.5075e+00,3.4897e-01,1.3241e-01
3.6308e+00,3.5216e-01,1.3186e-01
3.7584e+00,3.5534e-01,1.3130e-01
3.8905e+00,3.5851e-01,1.3074e-01
4.0272e+00,3.6165e-01,1.3018e-01
4.1687e+00,3.6478e-01,1.2961e-01
4.3152e+00,3.6789e-01,1.2903e-01
4.4668e+00,3.7099e-01,1.2845e-01
4.6238e+00,3.7406e-01,1.2787e-01
4.7863e+00,3.7712e-01,1.2729e-01
4.9545e+00,3.8017e-01,1.2670e-01
5.1286e+00,3.8319e-01,1.2611e-01
5.3088e+00,3.8620e-01,1.2551e-01
5.4954e+00,3.8919e-01,1.2491e-01
5.6885e+00,3.9217e-01,1.2432e-01
5.8884e+00,3.9513e-01,1.2371e-01
6.0954e+00,3.9807e-01,1.2311e-01
6.3096e+00,4.0099e-01,1.2251e-01
6.5313e+00,4.0390e-01,1.2190e-01
6.7608e+00,4.0679e-01,1.2130e-01
6.9984e+00,4.0967e-01,1.2069e-01
7.2444e+00,4.1253e-01,1.2008e-01
7.4989e+00,4.1537e-01,1.1948e-01
7.7625e+00,4.1820e-01,1.1887e-01
8.0353e+00,4.2101e-01,1.1826e-01
8.3176e+00,4.2381e-01,1.1765e-01
8.6099e+00,4.2659e-01,1.1705e-01
8.9125e+00,4.2935e-01,1.1644e-01
9.2257e+00,4.3210e-01,1.1583e-01
9.5499e+00,4.3483e-01,1.1523e-01
9.8855e+00,4.3755e-01,1.1462e-01
1.0233e+01,4.4025e-01,1.1402e-01
1.0593e+01,4.4294e-01,1.1341e-01
1.0965e+01,4.4561e-01,1.1281e-01
1.1350e+01,4.4827e-01,1.1221e-01
1.1749e+01,4.5091e-01,1.1161e-01
1.2162e+01,4.5353e-01,1.1101e-01
1.2589e+01,4.5615e-01,1.1041e-01
1.3032e+01,4.5874e-01,1.0982e-01
1.3490e+01,4.6133e-01,1.0922e-01
1.3964e+01,4.6389e-01,1.0863e-01
1.4454e+01,4.6645e-01,1.0804e-01
1.4962e+01,4.6898e-01,1.0745e-01
1.5488e+01,4.7151e-01,1.0687e-01
1.6032e+01,4.7402e-01,1.0628e-01
1.6596e+01,4.7651e-01,1.0570e-01
1.7179e+01,4.7899e-01,1.0512e-01
1.7783e+01,4.8146e-01,1.0454e-01
1.8408e+01,4.8391e-01,1.0396e-01
1.9055e+01,4.8635e-01,1.0339e-01
1.9724e+01,4.8877e-01,1.0282e-01
2.0417e+01,4.9118e-01,1.0225e-01
2.1135e+01,4.9358e-01,1.0168e-01
2.1878e+01,4.9596e-01,1.0111e-01
2.2646e+01,4.9833e-01,1.0055e-01
2.3442e+01,5.0069e-01,9.9990e-02
2.4266e+01,5.0303e-01,9.9432e-02
2.5119e+01,5.0536e-01,9.8877e-02
2.6002e+01,5.0768e-01,9.8324e-02
2.6915e+01,5.0998e-01,9.7774e-02
2.7861e+01,5.1227e-01,9.7227e-02
2.8840e+01,5.1454e-01,9.6682e-02
2.9854e+01,5.1680e-01,9.6140e-02
3.0903e+01,5.1905e-01,9.5601e-02
3.1989e+01,5.2129e-01,9.5065e-02
3.3113e+01,5.2351e-01,9.4531e-02
3.4277e+01,5.2572e-01,9.4000e-02
3.5481e+01,5.2792e-01,9.3472e-02
3.6728e+01,5.3011e-01,9.2947e-02
3.8019e+01,5.3228e-01,9.2424e-02
3.9355e+01,5.3444e-01,9.1905e-02
4.0738e+01,5.3658e-01,9.1389e-02
4.2170e+01,5.3872e-01,9.0875e-02
4.3652e+01,5.4084e-01,9.0364e-02
4.5186e+01,5.4295e-01,8.9857e-02
4.6774e+01,5.4505e-01,8.9352e-02
4.8417e+01,5.4713e-01,8.8851e-02
5.0119e+01,5.4921e-01,8.8352e-02
5.1880e+01,5.5127e-01,8.7856e-02
5.3703e+01,5.5332e-01,8.7364e-02
5.5590e+01,5.5535e-01,8.6875e-02
5.7544e+01,5.5738e-01,8.6388e-02
5.9566e+01,5.5939e-01,8.5905e-02
6.1660e+01,5.6139e-01,8.5425e-02
6.3826e+01,5.6338e-01,8.4948e-02
6.6069e+01,5.6536e-01,8.4474e-02
6.8391e+01,5.6733e-01,8.4004e-02
7.0795e+01,5.6929e-01,8.3536e-02
7.3282e+01,5.7123e-01,8.3072e-02
7.5858e+01,5.7316e-01,8.2611e-02
7.8524e+01,5.7509e-01,8.2153e-02
8.1283e+01,5.7700e-01,8.1698e-02
8.4140e+01,5.7890e-01,8.1247e-02
8.7096e+01,5.8078e-01,8.0798e-02
9.0157e+01,5.8266e-01,8.0353e-02
9.3325e+01,5.8453e-01,7.9911e-02
9.6605e+01,5.8639e-01,7.9473e-02
1.0000e+02,5.8823e-01,7.9037e-02
1.0351e+02,5.9007e-01,7.8605e-02
1.0715e+02,5.9189e-01,7.8176e-02
1.1092e+02,5.9370e-01,7.7751e-02
1.1482e+02,5.9551e-01,7.7328e-02
1.1885e+02,5.9730e-01,7.6909e-02
1.2303e+02,5.9908e-01,7.6493e-02
1.2735e+02,6.0086e-01,7.6081e-02
1.3183e+02,6.0262e-01,7.5672e-02
1.3646e+02,6.0437e-01,7.5266e-02
1.4125e+02,6.0611e-01,7.4863e-02
1.4622e+02,6.0785e-01,7.4463e-02
1.5136e+02,6.0957e-01,7.4067e-02
1.5668e+02,6.1128e-01,7.3674e-02
1.6218e+02,6.1299e-01,7.3284e-02
1.6788e+02,6.1468e-01,7.2898e-02
1.7378e+02,6.1637e-01,7.2515e-02
1.7989e+02,6.1804e-01,7.2135e-02
1.8621e+02,6.1971e-01,7.1758e-02
1.9275e+02,6.2137e-01,7.1385e-02
1.9953e+02,6.2301e-01,7.1015e-02
2.0654e+02,6.2465e-01,7.0648e-02
2.1380e+02,6.2628e-01,7.0284e-02
2.2131e+02,6.2790e-01,6.9924e-02
2.2909e+02,6.2951e-01,6.9567e-02
2.3714e+02,6.3112e-01,6.9213e-02
2.4547e+02,6.3271e-01,6.8862e-02
2.5410e+02,6.3430e-01,6.8515e-02
2.6303e+02,6.3588e-01,6.8170e-02
2.7227e+02,6.3744e-01,6.7829e-02
2.8184e+02,6.3901e-01,6.7491e-02
2.9174e+02,6.4056e-01,6.7156e-02
3.0200e+02,6.4210e-01,6.6825e-02
3.1261e+02,6.4364e-01,6.6496e-02
3.2359e+02,6.4517e-01,6.6171e-02
3.3497e+02,6.4669e-01,6.5849e-02
3.4674e+02,6.4820e-01,6.5530e-02
3.5892e+02,6.4970e-01,6.5214e-02
3.7154e+02,6.5120e-01,6.4901e-02
3.8459e+02,6.5269e-01,6.4591e-02
3.9811e+02,6.5417e-01,6.4285e-02
4.1210e+02,6.5564e-01,6.3981e-02
4.2658e+02,6.5711e-01,6.3681e-02
4.4157e+02,6.5857e-01,6.3383e-02
4.5709e+02,6.6002e-01,6.3089e-02
4.7315e+02,6.6146e-01,6.2797e-02
4.8978e+02,6.6290e-01,6.2509e-02
5.0699e+02,6.6433e-01,6.2223e-02
5.2481e+02,6.6575e-01,6.1941e-02
5.4325e+02,6.6717e-01,6.1661e-02
5.6234e+02,6.6858e-01,6.1384e-02
5.8210e+02,6.6998e-01,6.1110e-02
6.0256e+02,6.7137e-01,6.0840e-02
6.2373e+02,6.7276e-01,6.0572e-02
6.4565e+02,6.7415e-01,6.0306e-02
6.6834e+02,6.7552e-01,6.0044e-02
6.9183e+02,6.7689e-01,5.9785e-02
7.1614e+02,6.7825e-01,5.9528e-02
7.4131e+02,6.7961e-01,5.9274e-02
7.6736e+02,6.8096e-01,5.9023e-02
7.9433e+02,6.8231e-01,5.8775e-02
8.2224e+02,6.8364e-01,5.8529e-02
8.5114e+02,6.8498e-01,5.8286e-02
8.8105e+02,6.8630e-01,5.8046e-02
9.1201e+02,6.8762e-01,5.7808e-02
9.4406e+02,6.8894e-01,5.7573e-02
9.7724e+02,6.9025e-01,5.7341e-02
1.0116e+03,6.9155e-01,5.7111e-02
1.0471e+03,6.9285e-01,5.6884e-02
1.0839e+03,6.9414e-01,5.6660e-02
1.1220e+03,6.9543e-01,5.6438e-02
1.1614e+03,6.9671e-01,5.6218e-02
1.2023e+03,6.9798e-01,5.6001e-02
1.2445e+03,6.9925e-01,5.5787e-02
1.2882e+03,7.0052e-01,5.5575e-02
1.3335e+03,7.0178e-01,5.5365e-02
1.3804e+03,7.0303e-01,5.5158e-02
1.4289e+03,7.0428e-01,5.4953e-02
1.4791e+03,7.0553e-01,5.4751e-02
1.5311e+03,7.0677e-01,5.4551e-02
1.5849e+03,7.0800e-01,5.4353e-02
1.6406e+03,7.0923e-01,5.4158e-02
1.6982e+03,7.1046e-01,5.3964e-02
1.7579e+03,7.1168e-01,5.3773e-02
1.8197e+03,7.1290e-01,5.3585e-02
1.8836e+03,7.1411e-01,5.3398e-02
1.9498e+03,7.1531e-01,5.3214e-02
2.0184e+03,7.1652e-01,5.3032e-02
2.0893e+03,7.1771e-01,5.2852e-02
2.1627e+03,7.1891e-01,5.2674e-02
2.2387e+03,7.2010e-01,5.2498e-02
2.3174e+03,7.2128e-01,5.2324e-02
2.3988e+03,7.2246e-01,5.2152e-02
2.4831e+03,7.2364e-01,5.1983e-02
2.5704e+03,7.2481e-01,5.1815e-02
2.6607e+03,7.2598e-01,5.1649e-02
2.7542e+03,7.2714e-01,5.1485e-02
2.8510e+03,7.2830e-01,5.1323e-02
2.9512e+03,7.2946e-01,5.1163e-02
3.0549e+03,7.3061e-01,5.1005e-02
3.1623e+03,7.3176e-01,5.0848e-02
3.2734e+03,7.3291e-01,5.0694e-02
3.3884e+03,7.3405e-01,5.0541e-02
3.5075e+03,7.3519e-01,5.0390e-02
3.6308e+03,7.3632e-01,5.0241e-02
3.7584e+03,7.3745e-01,5.0093e-02
3.8905e+03,7.3858e-01,4.9947e-02
4.0272e+03,7.3970e-01,4.9803e-02
4.1687e+03,7.4082e-01,4.9661e-02
4.3152e+03,7.4194e-01,4.9520e-02
4.4668e+03,7.4305e-01,4.9380e-02
4.6238e+03,7.4416e-01,4.9242e-02
4.7863e+03,7.4526e-01,4.9106e-02
4.9545e+03,7.4637e-01,4.8971e-02
5.1286e+03,7.4747e-01,4.8838e-02
5.3088e+03,7.4856e-01,4.8706e-02
5.4954e+03,7.4966e-01,4.8576e-02
5.6885e+03,7.5075e-01,4.8447e-02
5.8884e+03,7.5183e-01,4.8320e-02
6.0954e+03,7.5292e-01,4.8193e-02
6.3096e+03,7.5400e-01,4.8069e-02
6.5313e+03,7.5508e-01,4.7945e-02
6.7608e+03,7.5615e-01,4.7823e-02
6.9984e+03,7.5722e-01,4.7702e-02
7.2444e+03,7.5829e-01,4.7582e-02
7.4989e+03,7.5936e-01,4.7464e-02
7.7625e+03,7.6042e-01,4.7347e-02
8.0353e+03,7.6148e-01,4.7231e-02
8.3176e+03,7.6254e-01,4.7116e-02
8.6099e+03,7.6360e-01,4.7002e-02
8.9125e+03,7.6465e-01,4.6889e-02
9.2257e+03,7.6570e-01,4.6778e-02
9.5499e+03,7.6675e-01,4.6667e-02
9.8855e+03,7.6779e-01,4.6558e-02
1.0233e+04,7.6883e-01,4.6449e-02
1.0593e+04,7.6987e-01,4.6342e-02
1.0965e+04,7.7091e-01,4.6235e-02
1.1350e+04,7.7194e-01,4.6130e-02
1.1749e+04,7.7297e-01,4.6025e-02
1.2162e+04,7.7400e-01,4.5921e-02
1.2589e+04,7.7503e-01,4.5818e-02
1.3032e+04,7.7606e-01,4.5716e-02
1.3490e+04,7.7708e-01,4.5615e-02
1.3964e+04,7.7810e-01,4.5515e-02
1.4454e+04,7.7911e-01,4.5415e-02
1.4962e+04,7.8013e-01,4.5317e-02
1.5488e+04,7.8114e-01,4.5218e-02
1.6032e+04,7.8215e-01,4.5121e-02
1.6596e+04,7.8316e-01,4.5025e-02
1.7179e+04,7.8417e-01,4.4929e-02
1.7783e+04,7.8517e-01,4.4833e-02
1.8408e+04,7.8617e-01,4.4739e-02
1.9055e+04,7.8717e-01,4.4645e-02
1.9724e+04,7.8817e-01,4.4551e-02
2.0417e+04,7.8916e-01,4.4459e-02
2.1135e+04,7.9015e-01,4.4366e-02
2.1878e+04,7.9114e-01,4.4275e-02
2.2646e+04,7.9213e-01,4.4183e-02
2.3442e+04,7.9312e-01,4.4093e-02
2.4266e+04,7.9410e-01,4.4003e-02
2.5119e+04,7.9508e-01,4.3913e-02
2.6002e+04,7.9606e-01,4.3824e-02
2.6915e+04,7.9704e-01,4.3735e-02
2.7861e+04,7.9802e-01,4.3646e-02
2.8840e+04,7.9899e-01,4.3558e-02
2.9854e+04,7.9996e-01,4.3470e-02
3.0903e+04,8.0093e-01,4.3383e-02
3.1989e+04,8.0190e-01,4.3296e-02
3.3113e+04,8.0286e-01,4.3209e-02
3.4277e+04,8.0383e-01,4.3123e-02
3.5481e+04,8.0479e-01,4.3037e-02
3.6728e+04,8.0575e-01,4.2951e-02
3.8019e+04,8.0671e-01,4.2865e-02
3.9355e+04,8.0766e-01,4.2780e-02
4.0738e+04,8.0862e-01,4.2695e-02
4.2170e+04,8.0957e-01,4.2610e-02
4.3652e+04,8.1052e-01,4.2525e-02
4.5186e+04,8.1147e-01,4.2440e-02
4.6774e+04,8.1241e-01,4.2356e-02
4.8417e+04,8.1336e-01,4.2271e-02
5.0119e+04,8.1430e-01,4.2187e-02
5.1880e+04,8.1524e-01,4.2103e-02
5.3703e+04,8.1618e-01,4.2019e-02
5.5590e+04,8.1711e-01,4.1935e-02
5.7544e+04,8.1805e-01,4.1851e-02
5.9566e+04,8.1898e-01,4.1767e-02
6.1660e+04,8.1991e-01,4.1683e-02
6.3826e+04,8.2084e-01,4.1599e-02
6.6069e+04,8.2176e-01,4.1515e-02
6.8391e+04,8.2269e-01,4.1431e-02
7.0795e+04,8.2361e-01,4.1347e-02
7.3282e+04,8.2453e-01,4.1263e-02
7.5858e+04,8.2545e-01,4.1179e-02
7.8524e+04,8.2637e-01,4.1095e-02
8.1283e+04,8.2729e-01,4.1010e-02
8.4140e+04,8.2820e-01,4.0926e-02
8.7096e+04,8.2911e-01,4.0842e-02
9.0157e+04,8.3002e-01,4.0757e-02
9.3325e+04,8.3093e-01,4.0672e-02
9.6605e+04,8.3183e-01,4.0587e-02
1.0000e+05,8.3274e-01,4.0502e-02
1.0351e+05,8.3364e-01,4.0417e-02
1.0715e+05,8.3454e-01,4.0332e-02
1.1092e+05,8.3544e-01,4.0246e-02
1.1482e+05,8.3633e-01,4.0160e-02
1.1885e+05,8.3723e-01,4.0074e-02
1.2303e+05,8.3812e-01,3.9988e-02
1.2735e+05,8.3901e-01,3.9902e-02
1.3183e+05,8.3990e-01,3.9815e-02
1.3646e+05,8.4079e-01,3.9728e-02
1.4125e+05,8.4167e-01,3.9641e-02
1.4622e+05,8.4255e-01,3.9553e-02
1.5136e+05,8.4343e-01,3.9465e-02
1.5668e+05,8.4431e-01,3.9377e-02
1.6218e+05,8.4519e-01,3.9289e-02
1.6788e+05,8.4606e-01,3.9200e-02
1.7378e+05,8.4694e-01,3.9111e-02
1.7989e+05,8.4781e-01,3.9021e-02
1.8621e+05,8.4868e-01,3.8932e-02
1.9275e+05,8.4954e-01,3.8841e-02
1.9953e+05,8.5041e-01,3.8751e-02
2.0654e+05,8.5127e-01,3.8660e-02
2.1380e+05,8.5213e-01,3.8569e-02
2.2131e+05,8.5299e-01,3.8477e-02
2.2909e+05,8.5385e-01,3.8385e-02
2.3714e+05,8.5470e-01,3.8293e-02
2.4547e+05,8.5555e-01,3.8200e-02
2.5410e+05,8.5640e-01,3.8107e-02
2.6303e+05,8.5725e-01,3.8014e-02
2.7227e+05,8.5810e-01,3.7920e-02
2.8184e+05,8.5894e-01,3.7825e-02
2.9174e+05,8.5979e-01,3.7730e-02
3.0200e+05,8.6063e-01,3.7635e-02
3.1261e+05,8.6146e-01,3.7540e-02
3.2359e+05,8.6230e-01,3.7443e-02
3.3497e+05,8.6313e-01,3.7347e-02
3.4674e+05,8.6397e-01,3.7250e-02
3.5892e+05,8.6479e-01,3.7152e-02
3.7154e+05,8.6562e-01,3.7054e-02
3.8459e+05,8.6645e-01,3.6956e-02
3.9811e+05,8.6727e-01,3.6857e-02
4.1210e+05,8.6809e-01,3.6758e-02
4.2658e+05,8.6891e-01,3.6658e-02
4.4157e+05,8.6972e-01,3.6558e-02
4.5709e+05,8.7054e-01,3.6457e-02
4.7315e+05,8.7135e-01,3.6356e-02
4.8978e+05,8.7216e-01,3.6254e-02
5.0699e+05,8.7297e-01,3.6152e-02
5.2481e+05,8.7377e-01,3.6049e-02
5.4325e+05,8.7457e-01,3.5946e-02
5.6234e+05,8.7538e-01,3.5842e-02
5.8210e+05,8.7617e-01,3.5738e-02
6.0256e+05,8.7697e-01,3.5633e-02
6.2373e+05,8.7776e-01,3.5528e-02
6.4565e+05,8.7855e-01,3.5422e-02
6.6834e+05,8.7934e-01,3.5316e-02
6.9183e+05,8.8013e-01,3.5209e-02
7.1614e+05,8.8091e-01,3.5102e-02
7.4131e+05,8.8169e-01,3.4994e-02
7.6736e+05,8.8247e-01,3.4886e-02
7.9433e+05,8.8325e-01,3.4777e-02
8.2224e+05,8.8403e-01,3.4668e-02
8.5114e+05,8.8480e-01,3.4558e-02
8.8105e+05,8.8557e-01,3.4448e-02
9.1201e+05,8.8633e-01,3.4337e-02
9.4406e+05,8.8710e-01,3.4226e-02
9.7724e+05,8.8786e-01,3.4115e-02
1.0116e+06,8.8862e-01,3.4002e-02
1.0471e+06,8.8938e-01,3.3890e-02
1.0839e+06,8.9013e-01,3.3776e-02
1.1220e+06,8.9088e-01,3.3663e-02
1.1614e+06,8.9163e-01,3.3549e-02
1.2023e+06,8.9238e-01,3.3434e-02
1.2445e+06,8.9313e-01,3.3319e-02
1.2882e+06,8.9387e-01,3.3203e-02
1.3335e+06,8.9461e-01,3.3087e-02
1.3804e+06,8.9534e-01,3.2970e-02
1.4289e+06,8.9608e-01,3.2853e-02
1.4791e+06,8.9681e-01,3.2736e-02
1.5311e+06,8.9754e-01,3.2618e-02
1.5849e+06,8.9826e-01,3.2499e-02
1.6406e+06,8.9899e-01,3.2380e-02
1.6982e+06,8.9971e-01,3.2261e-02
1.7579e+06,9.0043e-01,3.2141e-02
1.8197e+06,9.0114e-01,3.2021e-02
1.8836e+06,9.0186e-01,3.1900e-02
1.9498e+06,9.0257e-01,3.1779e-02
2.0184e+06,9.0328e-01,3.1657e-02
2.0893e+06,9.0398e-01,3.1535e-02
2.1627e+06,9.0468e-01,3.1412e-02
2.2387e+06,9.0538e-01,3.1289e-02
2.3174e+06,9.0608e-01,3.1166e-02
2.3988e+06,9.0677e-01,3.1042e-02
2.4831e+06,9.0746e-01,3.0918e-02
2.5704e+06,9.0815e-01,3.0793e-02
2.6607e+06,9.0884e-01,3.0668e-02
2.7542e+06,9.0952e-01,3.0543e-02
2.8510e+06,9.1020e-01,3.0417e-02
2.9512e+06,9.1088e-01,3.0291e-02
3.0549e+06,9.1155e-01,3.0164e-02
3.1623e+06,9.1222e-01,3.0037e-02
3.2734e+06,9.1289e-01,2.9910e-02
3.3884e+06,9.1356e-01,2.9782e-02
3.5075e+06,9.1422e-01,2.9654e-02
3.6308e+06,9.1488e-01,2.9526e-02
3.7584e+06,9.1554e-01,2.9397e-02
3.8905e+06,9.1620e-01,2.9268e-02
4.0272e+06,9.1685e-01,2.9139e-02
4.1687e+06,9.1750e-01,2.9009e-02
4.3152e+06,9.1814e-01,2.8879e-02
4.4668e+06,9.1878e-01,2.8748e-02
4.6238e+06,9.1942e-01,2.8618e-02
4.7863e+06,9.2006e-01,2.8487e-02
4.9545e+06,9.2070e-01,2.8355e-02
5.1286e+06,9.2133e-01,2.8224e-02
5.3088e+06,9.2196e-01,2.8092e-02
5.4954e+06,9.2258e-01,2.7960e-02
5.6885e+06,9.2320e-01,2.7828e-02
5.8884e+06,9.2382e-01,2.7695e-02
6.0954e+06,9.2444e-01,2.7562e-02
6.3096e+06,9.2505e-01,2.7429e-02
6.5313e+06,9.2566e-01,2.7296e-02
6.7608e+06,9.2627e-01,2.7162e-02
6.9984e+06,9.2688e-01,2.7028e-02
7.2444e+06,9.2748e-01,2.6894e-02
7.4989e+06,9.2808e-01,2.6760e-02
7.7625e+06,9.2867e-01,2.6625e-02
8.0353e+06,9.2926e-01,2.6491e-02
8.3176e+06,9.2985e-01,2.6356e-02
8.6099e+06,9.3044e-01,2.6221e-02
8.9125e+06,9.3102e-01,2.6086e-02
9.2257e+06,9.3160e-01,2.5951e-02
9.5499e+06,9.3218e-01,2.5815e-02
9.8855e+06,9.3276e-01,2.5679e-02
1.0233e+07,9.3333e-01,2.5544e-02
1.0593e+07,9.3390e-01,2.5408e-02
1.0965e+07,9.3446e-01,2.5272e-02
1.1350e+07,9.3502e-01,2.5136e-02
1.1749e+07,9.3558e-01,2.5000e-02
1.2162e+07,9.3614e-01,2.4863e-02
1.2589e+07,9.3669e-01,2.4727e-02
1.3032e+07,9.3724e-01,2.4591e-02
1.3490e+07,9.3779e-01,2.4454e-02
1.3964e+07,9.3833e-01,2.4317e-02
1.4454e+07,9.3888e-01,2.4181e-02
1.4962e+07,9.3941e-01,2.4044e-02
1.5488e+07,9.3995e-01,2.3907e-02
1.6032e+07,9.4048e-01,2.3771e-02
1.6596e+07,9.4101e-01,2.3634e-02
1.7179e+07,9.4153e-01,2.3497e-02
1.7783e+07,9.4206e-01,2.3360e-02
1.8408e+07,9.4258e-01,2.3224e-02
1.9055e+07,9.4309e-01,2.3087e-02
1.9724e+07,9.4361e-01,2.2950e-02
2.0417e+07,9.4412e-01,2.2813e-02
2.1135e+07,9.4462e-01,2.2677e-02
2.1878e+07,9.4513e-01,2.2540e-02
2.2646e+07,9.4563e-01,2.2403e-02
2.3442e+07,9.4613e-01,2.2267e-02
2.4266e+07,9.4662e-01,2.2130e-02
2.5119e+07,9.4711e-01,2.1994e-02
2.6002e+07,9.4760e-01,2.1858e-02
2.6915e+07,9.4809e-01,2.1722e-02
2.7861e+07,9.4857e-01,2.1585e-02
2.8840e+07,9.4905e-01,2.1449e-02
2.9854e+07,9.4953e-01,2.1314e-02
3.0903e+07,9.5000e-01,2.1178e-02
3.1989e+07,9.5047e-01,2.1042e-02
3.3113e+07,9.5094e-01,2.0907e-02
3.4277e+07,9.5140e-01,2.0771e-02
3.5481e+07,9.5187e-01,2.0636e-02
3.6728e+07,9.5233e-01,2.0501e-02
3.8019e+07,9.5278e-01,2.0366e-02
3.9355e+07,9.5323e-01,2.0232e-02
4.0738e+07,9.5368e-01,2.0097e-02
4.2170e+07,9.5413e-01,1.9963e-02
4.3652e+07,9.5457e-01,1.9829e-02
4.5186e+07,9.5501e-01,1.9695e-02
4.6774e+07,9.5545e-01,1.9562e-02
4.8417e+07,9.5588e-01,1.9428e-02
5.0119e+07,9.5632e-01,1.9295e-02
5.1880e+07,9.5674e-01,1.9162e-02
5.3703e+07,9.5717e-01,1.9029e-02
5.5590e+07,9.5759e-01,1.8897e-02
5.7544e+07,9.5801e-01,1.8765e-02
5.9566e+07,9.5843e-01,1.8633e-02
6.1660e+07,9.5884e-01,1.8501e-02
6.3826e+07,9.5925e-01,1.8370e-02
6.6069e+07,9.5966e-01,1.8239e-02
6.8391e+07,9.6007e-01,1.8108e-02
7.0795e+07,9.6047e-01,1.7978e-02
7.3282e+07,9.6087e-01,1.7848e-02
7.5858e+07,9.6126e-01,1.7718e-02
7.8524e+07,9.6166e-01,1.7588e-02
8.1283e+07,9.6205e-01,1.7459e-02
8.4140e+07,9.6243e-01,1.7330e-02
8.7096e+07,9.6282e-01,1.7202e-02
9.0157e+07,9.6320e-01,1.7074e-02
9.3325e+07,9.6358e-01,1.6946e-02
9.6605e+07,9.6395e-01,1.6819e-02
1.0000e+08,9.6433e-01,1.6692e-02
1.0351e+08,9.6470e-01,1.6565e-02
1.0715e+08,9.6507e-01,1.6439e-02
1.1092e+08,9.6543e-01,1.6313e-02
1.1482e+08,9.6579e-01,1.6187e-02
1.1885e+08,9.6615e-01,1.6062e-02
1.2303e+08,9.6651e-01,1.5938e-02
1.2735e+08,9.6686e-01,1.5813e-02
1.3183e+08,9.6721e-01,1.5689e-02
1.3646e+08,9.6756e-01,1.5566e-02
1.4125e+08,9.6790e-01,1.5443e-02
1.4622e+08,9.6825e-01,1.5320e-02
1.5136e+08,9.6859e-01,1.5198e-02
1.5668e+08,9.6892e-01,1.5076e-02
1.6218e+08,9.6926e-01,1.4955e-02
1.6788e+08,9.6959e-01,1.4834e-02
1.7378e+08,9.6992e-01,1.4714e-02
1.7989e+08,9.7024e-01,1.4594e-02
1.8621e+08,9.7057e-01,1.4475e-02
1.9275e+08,9.7089e-01,1.4356e-02
1.9953e+08,9.7120e-01,1.4237e-02
2.0654e+08,9.7152e-01,1.4119e-02
2.1380e+08,9.7183e-01,1.4002e-02
2.2131e+08,9.7214e-01,1.3885e-02
2.2909e+08,9.7245e-01,1.3768e-02
2.3714e+08,9.7275e-01,1.3652e-02
2.4547e+08,9.7306e-01,1.3536e-02
2.5410e+08,9.7336e-01,1.3421e-02
2.6303e+08,9.7365e-01,1.3307e-02
2.7227e+08,9.7395e-01,1.3193e-02
2.8184e+08,9.7424e-01,1.3079e-02
2.9174e+08,9.7453e-01,1.2966e-02
3.0200e+08,9.7482e-01,1.2854e-02
3.1261e+08,9.7510e-01,1.2742e-02
3.2359e+08,9.7538e-01,1.2630e-02
3.3497e+08,9.7566e-01,1.2519e-02
3.4674e+08,9.7594e-01,1.2409e-02
3.5892e+08,9.7621e-01,1.2299e-02
3.7154e+08,9.7649e-01,1.2190e-02
3.8459e+08,9.7676e-01,1.2081e-02
3.9811e+08,9.7702e-01,1.1973e-02
4.1210e+08,9.7729e-01,1.1866e-02
4.2658e+08,9.7755e-01,1.1758e-02
4.4157e+08,9.7781e-01,1.1652e-02
4.5709e+08,9.7807e-01,1.1546e-02
4.7315e+08,9.7832e-01,1.1441e-02
4.8978e+08,9.7858e-01,1.1336e-02
5.0699e+08,9.7883e-01,1.1232e-02
5.2481e+08,9.7907e-01,1.1128e-02
5.4325e+08,9.7932e-01,1.1025e-02
5.6234e+08,9.7956e-01,1.0922e-02
5.8210e+08,9.7981e-01,1.0820e-02
6.0256e+08,9.8004e-01,1.0719e-02
6.2373e+08,9.8028e-01,1.0618e-02
6.4565e+08,9.8052e-01,1.0518e-02
6.6834e+08,9.8075e-01,1.0418e-02
6.9183e+08,9.8098e-01,1.0319e-02
7.1614e+08,9.8121e-01,1.0221e-02
7.4131e+08,9.8143e-01,1.0123e-02
7.6736e+08,9.8166e-01,1.0025e-02
7.9433e+08,9.8188e-01,9.9287e-03
8.2224e+08,9.8210e-01,9.8325e-03
8.5114e+08,9.8231e-01,9.7370e-03
8.8105e+08,9.8253e-01,9.6420e-03
9.1201e+08,9.8274e-01,9.5477e-03
9.4406e+08,9.8295e-01,9.4539e-03
9.7724e+08,9.8316e-01,9.3608e-03
1.0116e+09,9.8337e-01,9.2682e-03
1.0471e+09,9.8357e-01,9.1762e-03
1.0839e+09,9.8377e-01,9.0849e-03
1.1220e+09,9.8397e-01,8.9941e-03
1.1614e+09,9.8417e-01,8.9039e-03
1.2023e+09,9.8437e-01,8.8143e-03
1.2445e+09,9.8456e-01,8.7253e-03
1.2882e+09,9.8476e-01,8.6370e-03
1.3335e+09,9.8495e-01,8.5492e-03
1.3804e+09,9.8514e-01,8.4620e-03
1.4289e+09,9.8532e-01,8.3754e-03
1.4791e+09,9.8551e-01,8.2894e-03
1.5311e+09,9.8569e-01,8.2040e-03
1.5849e+09,9.8587e-01,8.1193e-03
1.6406e+09,9.8605e-01,8.0351e-03
1.6982e+09,9.8623e-01,7.9515e-03
1.7579e+09,9.8640e-01,7.8685e-03
1.8197e+09,9.8658e-01,7.7861e-03
1.8836e+09,9.8675e-01,7.7043e-03
1.9498e+09,9.8692e-01,7.6231e-03
2.0184e+09,9.8708e-01,7.5425e-03
2.0893e+09,9.8725e-01,7.4625e-03
2.1627e+09,9.8742e-01,7.3831e-03
2.2387e+09,9.8758e-01,7.3043e-03
2.3174e+09,9.8774e-01,7.2261e-03
2.3988e+09,9.8790e-01,7.1484e-03
2.4831e+09,9.8806e-01,7.0714e-03
2.5704e+09,9.8821e-01,6.9949e-03
2.6607e+09,9.8837e-01,6.9191e-03
2.7542e+09,9.8852e-01,6.8438e-03
2.8510e+09,9.8867e-01,6.7691e-03
2.9512e+09,9.8882e-01,6.6950e-03
3.0549e+09,9.8896e-01,6.6215e-03
3.1623e+09,9.8911e-01,6.5486e-03
3.2734e+09,9.8925e-01,6.4763e-03
3.3884e+09,9.8940e-01,6.4045e-03
3.5075e+09,9.8954e-01,6.3333e-03
3.6308e+09,9.8968e-01,6.2627e-03
3.7584e+09,9.8982e-01,6.1927e-03
3.8905e+09,9.8995e-01,6.1232e-03
4.0272e+09,9.9009e-01,6.0543e-03
4.1687e+09,9.9022e-01,5.9860e-03
4.3152e+09,9.9035e-01,5.9183e-03
4.4668e+09,9.9048e-01,5.8511e-03
4.6238e+09,9.9061e-01,5.7845e-03
4.7863e+09,9.9074e-01,5.7185e-03
4.9545e+09,9.9086e-01,5.6530e-03
5.1286e+09,9.9099e-01,5.5881e-03
5.3088e+09,9.9111e-01,5.5237e-03
5.4954e+09,9.9123e-01,5.4599e-03
5.6885e+09,9.9135e-01,5.3967e-03
5.8884e+09,9.9147e-01,5.3340e-03
6.0954e+09,9.9159e-01,5.2718e-03
6.3096e+09,9.9170e-01,5.2102e-03
6.5313e+09,9.9182e-01,5.1492e-03
6.7608e+09,9.9193e-01,5.0887e-03
6.9984e+09,9.9204e-01,5.0287e-03
7.2444e+09,9.9215e-01,4.9693e-03
7.4989e+09,9.9226e-01,4.9104e-03
7.7625e+09,9.9237e-01,4.8521e-03
8.0353e+09,9.9248e-01,4.7942e-03
8.3176e+09,9.9258e-01,4.7370e-03
8.6099e+09,9.9269e-01,4.6802e-03
8.9125e+09,9.9279e-01,4.6240e-03
9.2257e+09,9.9289e-01,4.5682e-03
9.5499e+09,9.9299e-01,4.5131e-03
9.8855e+09,9.9309e-01,4.4584e-03
1.0233e+10,9.9319e-01,4.4042e-03
1.0593e+10,9.9329e-01,4.3506e-03
1.0965e+10,9.9338e-01,4.2974e-03
1.1350e+10,9.9348e-01,4.2448e-03
1.1749e+10,9.9357e-01,4.1927e-03
1.2162e+10,9.9366e-01,4.1411e-03
1.2589e+10,9.9375e-01,4.0899e-03
1.3032e+10,9.9384e-01,4.0393e-03
1.3490e+10,9.9393e-01,3.9892e-03
1.3964e+10,9.9402e-01,3.9395e-03
1.4454e+10,9.9410e-01,3.8904e-03
1.4962e+10,9.9419e-01,3.8417e-03
1.5488e+10,9.9427e-01,3.7935e-03
1.6032e+10,9.9436e-01,3.7458e-03
1.6596e+10,9.9444e-01,3.6986e-03
1.7179e+10,9.9452e-01,3.6519e-03
1.7783e+10,9.9460e-01,3.6056e-03
1.8408e+10,9.9468e-01,3.5598e-03
1.9055e+10,9.9476e-01,3.5144e-03
1.9724e+10,9.9483e-01,3.4696e-03
2.0417e+10,9.9491e-01,3.4251e-03
2.1135e+10,9.9499e-01,3.3812e-03
2.1878e+10,9.9506e-01,3.3377e-03
2.2646e+10,9.9513e-01,3.2946e-03
2.3442e+10,9.9521e-01,3.2520e-03
2.4266e+10,9.9528e-01,3.2098e-03
2.5119e+10,9.9535e-01,3.1681e-03
2.6002e+10,9.9542e-01,3.1268e-03
2.6915e+10,9.9549e-01,3.0860e-03
2.7861e+10,9.9555e-01,3.0456e-03
2.8840e+10,9.9562e-01,3.0056e-03
2.9854e+10,9.9569e-01,2.9661e-03
3.0903e+10,9.9575e-01,2.9269e-03
3.1989e+10,9.9581e-01,2.8882e-03
3.3113e+10,9.9588e-01,2.8499e-03
3.4277e+10,9.9594e-01,2.8121e-03
3.5481e+10,9.9600e-01,2.7746e-03
3.6728e+10,9.9606e-01,2.7375e-03
3.8019e+10,9.9612e-01,2.7009e-03
3.9355e+10,9.9618e-01,2.6647e-03
4.0738e+10,9.9624e-01,2.6288e-03
4.2170e+10,9.9630e-01,2.5934e-03
4.3652e+10,9.9636e-01,2.5583e-03
4.5186e+10,9.9641e-01,2.5237e-03
4.6774e+10,9.9647e-01,2.4894e-03
4.8417e+10,9.9652e-01,2.4555e-03
5.0119e+10,9.9657e-01,2.4220e-03
5.1880e+10,9.9663e-01,2.3889e-03
5.3703e+10,9.9668e-01,2.3562e-03
5.5590e+10,9.9673e-01,2.3238e-03
5.7544e+10,9.9678e-01,2.2918e-03
5.9566e+10,9.9683e-01,2.2602e-03
6.1660e+10,9.9688e-01,2.2289e-03
6.3826e+10,9.9693e-01,2.1980e-03
6.6069e+10,9.9698e-01,2.1675e-03
6.8391e+10,9.9703e-01,2.1373e-03
7.0795e+10,9.9707e-01,2.1074e-03
7.3282e+10,9.9712e-01,2.0779e-03
7.5858e+10,9.9717e-01,2.0488e-03
7.8524e+10,9.9721e-01,2.0200e-03
8.1283e+10,9.9725e-01,1.9916e-03
8.4140e+10,9.9730e-01,1.9634e-03
8.7096e+10,9.9734e-01,1.9356e-03
9.0157e+10,9.9738e-01,1.9082e-03
9.3325e+10,9.9742e-01,1.8811e-03
9.6605e+10,9.9747e-01,1.8543e-03
1.0000e+11,9.9751e-01,1.8278e-03
