   f   ,G_stor ,G_loss 
  Hz   ,  GPa  ,  GPa  
1.0000e-04,5.8942e-07,9.9652e-05
1.0351e-04,6.2345e-07,1.0315e-04
1.0715e-04,6.5945e-07,1.0676e-04
1.1092e-04,6.9753e-07,1.1051e-04
1.1482e-04,7.3781e-07,1.1438e-04
1.1885e-04,7.8041e-07,1.1839e-04
1.2303e-04,8.2548e-07,1.2254e-04
1.2735e-04,8.7314e-07,1.2684e-04
1.3183e-04,9.2356e-07,1.3128e-04
1.3646e-04,9.7690e-07,1.3588e-04
1.4125e-04,1.0333e-06,1.4064e-04
1.4622e-04,1.0930e-06,1.4557e-04
1.5136e-04,1.1561e-06,1.5067e-04
1.5668e-04,1.2229e-06,1.5595e-04
1.6218e-04,1.2935e-06,1.6142e-04
1.6788e-04,1.3682e-06,1.6707e-04
1.7378e-04,1.4472e-06,1.7293e-04
1.7989e-04,1.5308e-06,1.7898e-04
1.8621e-04,1.6192e-06,1.8525e-04
1.9275e-04,1.7127e-06,1.9174e-04
1.9953e-04,1.8116e-06,1.9846e-04
2.0654e-04,1.9163e-06,2.0541e-04
2.1380e-04,2.0269e-06,2.1260e-04
2.2131e-04,2.1440e-06,2.2004e-04
2.2909e-04,2.2678e-06,2.2775e-04
2.3714e-04,2.3988e-06,2.3572e-04
2.4547e-04,2.5373e-06,2.4397e-04
2.5410e-04,2.6839e-06,2.5251e-04
2.6303e-04,2.8389e-06,2.6135e-04
2.7227e-04,3.0029e-06,2.7050e-04
2.8184e-04,3.1763e-06,2.7996e-04
2.9174e-04,3.3598e-06,2.8976e-04
3.0200e-04,3.5538e-06,2.9990e-04
3.1261e-04,3.7591e-06,3.1039e-04
3.2359e-04,3.9762e-06,3.2125e-04
3.3497e-04,4.2058e-06,3.3248e-04
3.4674e-04,4.4487e-06,3.4411e-04
3.5892e-04,4.7056e-06,3.5614e-04
3.7154e-04,4.9774e-06,3.6859e-04
3.8459e-04,5.2649e-06,3.8148e-04
3.9811e-04,5.5689e-06,3.9482e-04
4.1210e-04,5.8905e-06,4.0862e-04
4.2658e-04,6.2307e-06,4.2290e-04
4.4157e-04,6.5905e-06,4.3767e-04
4.5709e-04,6.9711e-06,4.5297e-04
4.7315e-04,7.3737e-06,4.6879e-04
4.8978e-04,7.7995e-06,4.8516e-04
5.0699e-04,8.2498e-06,5.0211e-04
5.2481e-04,8.7262e-06,5.1964e-04
5.4325e-04,9.2301e-06,5.3779e-04
5.6234e-04,9.7630e-06,5.5656e-04
5.8210e-04,1.0327e-05,5.7599e-04
6.0256e-04,1.0923e-05,5.9609e-04
6.2373e-04,1.1553e-05,6.1689e-04
6.4565e-04,1.2220e-05,6.3841e-04
6.6834e-04,1.2926e-05,6.6068e-04
6.9183e-04,1.3672e-05,6.8372e-04
7.1614e-04,1.4461e-05,7.0756e-04
7.4131e-04,1.5296e-05,7.3223e-04
7.6736e-04,1.6179e-05,7.5775e-04
7.9433e-04,1.7112e-05,7.8416e-04
8.2224e-04,1.8100e-05,8.1148e-04
8.5114e-04,1.9144e-05,8.3975e-04
8.8105e-04,2.0249e-05,8.6900e-04
9.1201e-04,2.1417e-05,8.9926e-04
9.4406e-04,2.2653e-05,9.3057e-04
9.7724e-04,2.3959e-05,9.6296e-04
1.0116e-03,2.5341e-05,9.9647e-04
1.0471e-03,2.6803e-05,1.0311e-03
1.0839e-03,2.8349e-05,1.0670e-03
1.1220e-03,2.9984e-05,1.1041e-03
1.1614e-03,3.1712e-05,1.1425e-03
1.2023e-03,3.3541e-05,1.1822e-03
1.2445e-03,3.5474e-05,1.2233e-03
1.2882e-03,3.7519e-05,1.2658e-03
1.3335e-03,3.9682e-05,1.3098e-03
1.3804e-03,4.1968e-05,1.3552e-03
1.4289e-03,4.4386e-05,1.4023e-03
1.4791e-03,4.6944e-05,1.4509e-03
1.5311e-03,4.9648e-05,1.5013e-03
1.5849e-03,5.2507e-05,1.5533e-03
1.6406e-03,5.5531e-05,1.6072e-03
1.6982e-03,5.8728e-05,1.6629e-03
1.7579e-03,6.2109e-05,1.7205e-03
1.8197e-03,6.5684e-05,1.7801e-03
1.8836e-03,6.9464e-05,1.8417e-03
1.9498e-03,7.3461e-05,1.9054e-03
2.0184e-03,7.7687e-05,1.9714e-03
2.0893e-03,8.2156e-05,2.0395e-03
2.1627e-03,8.6880e-05,2.1100e-03
2.2387e-03,9.1875e-05,2.1829e-03
2.3174e-03,9.7156e-05,2.2584e-03
2.3988e-03,1.0274e-04,2.3363e-03
2.4831e-03,1.0864e-04,2.4170e-03
2.5704e-03,1.1488e-04,2.5003e-03
2.6607e-03,1.2148e-04,2.5865e-03
2.7542e-03,1.2845e-04,2.6757e-03
2.8510e-03,1.3582e-04,2.7678e-03
2.9512e-03,1.4362e-04,2.8631e-03
3.0549e-03,1.5186e-04,2.9617e-03
3.1623e-03,1.6056e-04,3.0635e-03
3.2734e-03,1.6977e-04,3.1688e-03
3.3884e-03,1.7950e-04,3.2777e-03
3.5075e-03,1.8978e-04,3.3903e-03
3.6308e-03,2.0065e-04,3.5066e-03
3.7584e-03,2.1213e-04,3.6269e-03
3.8905e-03,2.2427e-04,3.7512e-03
4.0272e-03,2.3710e-04,3.8796e-03
4.1687e-03,2.5066e-04,4.0124e-03
4.3152e-03,2.6498e-04,4.1497e-03
4.4668e-03,2.8012e-04,4.2915e-03
4.6238e-03,2.9612e-04,4.4381e-03
4.7863e-03,3.1302e-04,4.5896e-03
4.9545e-03,3.3087e-04,4.7462e-03
5.1286e-03,3.4974e-04,4.9079e-03
5.3088e-03,3.6967e-04,5.0750e-03
5.4954e-03,3.9073e-04,5.2477e-03
5.6885e-03,4.1297e-04,5.4261e-03
5.8884e-03,4.3647e-04,5.6104e-03
6.0954e-03,4.6129e-04,5.8008e-03
6.3096e-03,4.8751e-04,5.9975e-03
6.5313e-03,5.1519e-04,6.2006e-03
6.7608e-03,5.4444e-04,6.4104e-03
6.9984e-03,5.7531e-04,6.6271e-03
7.2444e-03,6.0792e-04,6.8509e-03
7.4989e-03,6.4236e-04,7.0820e-03
7.7625e-03,6.7871e-04,7.3206e-03
8.0353e-03,7.1709e-04,7.5669e-03
8.3176e-03,7.5762e-04,7.8213e-03
8.6099e-03,8.0039e-04,8.0839e-03
8.9125e-03,8.4555e-04,8.3549e-03
9.2257e-03,8.9321e-04,8.6347e-03
9.5499e-03,9.4351e-04,8.9235e-03
9.8855e-03,9.9659e-04,9.2215e-03
1.0233e-02,1.0526e-03,9.5290e-03
1.0593e-02,1.1117e-03,9.8463e-03
1.0965e-02,1.1741e-03,1.0174e-02
1.1350e-02,1.2399e-03,1.0511e-02
1.1749e-02,1.3092e-03,1.0860e-02
1.2162e-02,1.3824e-03,1.1219e-02
1.2589e-02,1.4596e-03,1.1590e-02
1.3032e-02,1.5410e-03,1.1972e-02
1.3490e-02,1.6269e-03,1.2366e-02
1.3964e-02,1.7174e-03,1.2772e-02
1.4454e-02,1.8128e-03,1.3191e-02
1.4962e-02,1.9134e-03,1.3622e-02
1.5488e-02,2.0194e-03,1.4067e-02
1.6032e-02,2.1311e-03,1.4525e-02
1.6596e-02,2.2488e-03,1.4997e-02
1.7179e-02,2.3728e-03,1.5484e-02
1.7783e-02,2.5034e-03,1.5985e-02
1.8408e-02,2.6410e-03,1.6501e-02
1.9055e-02,2.7858e-03,1.7032e-02
1.9724e-02,2.9384e-03,1.7579e-02
2.0417e-02,3.0990e-03,1.8141e-02
2.1135e-02,3.2681e-03,1.8721e-02
2.1878e-02,3.4460e-03,1.9317e-02
2.2646e-02,3.6332e-03,1.9930e-02
2.3442e-02,3.8302e-03,2.0561e-02
2.4266e-02,4.0374e-03,2.1209e-02
2.5119e-02,4.2553e-03,2.1876e-02
2.6002e-02,4.4845e-03,2.2561e-02
2.6915e-02,4.7254e-03,2.3265e-02
2.7861e-02,4.9786e-03,2.3989e-02
2.8840e-02,5.2446e-03,2.4732e-02
2.9854e-02,5.5242e-03,2.5496e-02
3.0903e-02,5.8178e-03,2.6279e-02
3.1989e-02,6.1262e-03,2.7084e-02
3.3113e-02,6.4499e-03,2.7909e-02
3.4277e-02,6.7897e-03,2.8756e-02
3.5481e-02,7.1463e-03,2.9625e-02
3.6728e-02,7.5204e-03,3.0515e-02
3.8019e-02,7.9127e-03,3.1428e-02
3.9355e-02,8.3241e-03,3.2363e-02
4.0738e-02,8.7554e-03,3.3320e-02
4.2170e-02,9.2073e-03,3.4301e-02
4.3652e-02,9.6808e-03,3.5305e-02
4.5186e-02,1.0177e-02,3.6332e-02
4.6774e-02,1.0696e-02,3.7383e-02
4.8417e-02,1.1239e-02,3.8457e-02
5.0119e-02,1.1808e-02,3.9555e-02
5.1880e-02,1.2402e-02,4.0677e-02
5.3703e-02,1.3024e-02,4.1822e-02
5.5590e-02,1.3674e-02,4.2992e-02
5.7544e-02,1.4352e-02,4.4185e-02
5.9566e-02,1.5061e-02,4.5402e-02
6.1660e-02,1.5802e-02,4.6642e-02
6.3826e-02,1.6574e-02,4.7906e-02
6.6069e-02,1.7380e-02,4.9194e-02
6.8391e-02,1.8220e-02,5.0504e-02
7.0795e-02,1.9095e-02,5.1837e-02
7.3282e-02,2.0008e-02,5.3193e-02
7.5858e-02,2.0958e-02,5.4570e-02
7.8524e-02,2.1946e-02,5.5969e-02
8.1283e-02,2.2975e-02,5.7390e-02
8.4140e-02,2.4044e-02,5.8831e-02
8.7096e-02,2.5156e-02,6.0291e-02
9.0157e-02,2.6311e-02,6.1772e-02
9.3325e-02,2.7510e-02,6.3270e-02
9.6605e-02,2.8754e-02,6.4787e-02
1.0000e-01,3.0044e-02,6.6321e-02
1.0351e-01,3.1382e-02,6.7871e-02
1.0715e-01,3.2768e-02,6.9436e-02
1.1092e-01,3.4203e-02,7.1015e-02
1.1482e-01,3.5688e-02,7.2607e-02
1.1885e-01,3.7225e-02,7.4211e-02
1.2303e-01,3.8812e-02,7.5827e-02
1.2735e-01,4.0453e-02,7.7451e-02
1.3183e-01,4.2146e-02,7.9084e-02
1.3646e-01,4.3894e-02,8.0725e-02
1.4125e-01,4.5695e-02,8.2370e-02
1.4622e-01,4.7552e-02,8.4020e-02
1.5136e-01,4.9464e-02,8.5673e-02
1.5668e-01,5.1432e-02,8.7327e-02
1.6218e-01,5.3457e-02,8.8980e-02
1.6788e-01,5.5537e-02,9.0632e-02
1.7378e-01,5.7674e-02,9.2281e-02
1.7989e-01,5.9868e-02,9.3924e-02
1.8621e-01,6.2118e-02,9.5561e-02
1.9275e-01,6.4425e-02,9.7189e-02
1.9953e-01,6.6788e-02,9.8807e-02
2.0654e-01,6.9207e-02,1.0041e-01
2.1380e-01,7.1682e-02,1.0201e-01
2.2131e-01,7.4212e-02,1.0359e-01
2.2909e-01,7.6797e-02,1.0515e-01
2.3714e-01,7.9436e-02,1.0669e-01
2.4547e-01,8.2128e-02,1.0822e-01
2.5410e-01,8.4873e-02,1.0972e-01
2.6303e-01,8.7670e-02,1.1120e-01
2.7227e-01,9.0517e-02,1.1265e-01
2.8184e-01,9.3414e-02,1.1408e-01
2.9174e-01,9.6360e-02,1.1549e-01
3.0200e-01,9.9353e-02,1.1686e-01
3.1261e-01,1.0239e-01,1.1820e-01
3.2359e-01,1.0548e-01,1.1952e-01
3.3497e-01,1.0861e-01,1.2080e-01
3.4674e-01,1.1177e-01,1.2205e-01
3.5892e-01,1.1499e-01,1.2326e-01
3.7154e-01,1.1823e-01,1.2444e-01
3.8459e-01,1.2152e-01,1.2558e-01
3.9811e-01,1.2484e-01,1.2669e-01
4.1210e-01,1.2820e-01,1.2776e-01
4.2658e-01,1.3159e-01,1.2879e-01
4.4157e-01,1.3501e-01,1.2978e-01
4.5709e-01,1.3846e-01,1.3073e-01
4.7315e-01,1.4194e-01,1.3165e-01
4.8978e-01,1.4544e-01,1.3252e-01
5.0699e-01,1.4897e-01,1.3335e-01
5.2481e-01,1.5252e-01,1.3415e-01
5.4325e-01,1.5609e-01,1.3490e-01
5.6234e-01,1.5968e-01,1.3561e-01
5.8210e-01,1.6328e-01,1.3628e-01
6.0256e-01,1.6691e-01,1.3692e-01
6.2373e-01,1.7054e-01,1.3751e-01
6.4565e-01,1.7419e-01,1.3806e-01
6.6834e-01,1.7785e-01,1.3857e-01
6.9183e-01,1.8152e-01,1.3905e-01
7.1614e-01,1.8519e-01,1.3948e-01
7.4131e-01,1.8888e-01,1.3988e-01
7.6736e-01,1.9256e-01,1.4024e-01
7.9433e-01,1.9625e-01,1.4057e-01
8.2224e-01,1.9995e-01,1.4085e-01
8.5114e-01,2.0364e-01,1.4111e-01
8.8105e-01,2.0734e-01,1.4132e-01
9.1201e-01,2.1103e-01,1.4151e-01
9.4406e-01,2.1472e-01,1.4165e-01
9.7724e-01,2.1840e-01,1.4177e-01
1.0116e+00,2.2209e-01,1.4186e-01
1.0471e+00,2.2576e-01,1.4191e-01
1.0839e+00,2.2943e-01,1.4193e-01
1.1220e+00,2.3309e-01,1.4193e-01
1.1614e+00,2.3675e-01,1.4189e-01
1.2023e+00,2.4039e-01,1.4183e-01
1.2445e+00,2.4403e-01,1.4174e-01
1.2882e+00,2.4765e-01,1.4163e-01
1.3335e+00,2.5127e-01,1.4149e-01
1.3804e+00,2.5487e-01,1.4132e-01
1.4289e+00,2.5845e-01,1.4113e-01
1.4791e+00,2.6203e-01,1.4092e-01
1.5311e+00,2.6559e-01,1.4069e-01
1.5849e+00,2.6914e-01,1.4044e-01
1.6406e+00,2.7268e-01,1.4016e-01
1.6982e+00,2.7619e-01,1.3987e-01
1.7579e+00,2.7970e-01,1.3956e-01
1.8197e+00,2.8319e-01,1.3923e-01
1.8836e+00,2.8666e-01,1.3888e-01
1.9498e+00,2.9012e-01,1.3852e-01
2.0184e+00,2.9356e-01,1.3814e-01
2.0893e+00,2.9698e-01,1.3775e-01
2.1627e+00,3.0039e-01,1.3734e-01
2.2387e+00,3.0378e-01,1.3692e-01
2.3174e+00,3.0715e-01,1.3649e-01
2.3988e+00,3.1051e-01,1.3604e-01
2.4831e+00,3.1385e-01,1.3559e-01
2.5704e+00,3.1717e-01,1.3512e-01
2.6607e+00,3.2048e-01,1.3464e-01
2.7542e+00,3.2377e-01,1.3415e-01
2.8510e+00,3.2704e-01,1.3365e-01
2.9512e+00,3.3029e-01,1.3315e-01
3.0549e+00,3.3352e-01,1.3263e-01
3.1623e+00,3.3674e-01,1.3211e-01
3.2734e+00,3.3994e-01,1.3158e-01
3.3884e+00,3.4312e-01,1.3104e-01
3.5075e+00,3.4629e-01,1.3050e-01
3.6308e+00,3.4944e-01,1.2995e-01
3.7584e+00,3.5257e-01,1.2940e-01
3.8905e+00,3.5568e-01,1.2884e-01
4.0272e+00,3.5877e-01,1.2827e-01
4.1687e+00,3.6185e-01,1.2771e-01
4.3152e+00,3.6491e-01,1.2713e-01
4.4668e+00,3.6796e-01,1.2656e-01
4.6238e+00,3.7098e-01,1.2598e-01
4.7863e+00,3.7399e-01,1.2539e-01
4.9545e+00,3.7699e-01,1.2481e-01
5.1286e+00,3.7996e-01,1.2422e-01
5.3088e+00,3.8292e-01,1.2363e-01
5.4954e+00,3.8586e-01,1.2304e-01
5.6885e+00,3.8879e-01,1.2244e-01
5.8884e+00,3.9170e-01,1.2185e-01
6.0954e+00,3.9459e-01,1.2125e-01
6.3096e+00,3.9747e-01,1.2065e-01
6.5313e+00,4.0033e-01,1.2005e-01
6.7608e+00,4.0317e-01,1.1945e-01
6.9984e+00,4.0600e-01,1.1885e-01
7.2444e+00,4.0881e-01,1.1825e-01
7.4989e+00,4.1161e-01,1.1765e-01
7.7625e+00,4.1439e-01,1.1705e-01
8.0353e+00,4.1716e-01,1.1645e-01
8.3176e+00,4.1990e-01,1.1585e-01
8.6099e+00,4.2264e-01,1.1525e-01
8.9125e+00,4.2536e-01,1.1465e-01
9.2257e+00,4.2806e-01,1.1405e-01
9.5499e+00,4.3075e-01,1.1345e-01
9.8855e+00,4.3342e-01,1.1285e-01
1.0233e+01,4.3608e-01,1.1225e-01
1.0593e+01,4.3872e-01,1.1166e-01
1.0965e+01,4.4135e-01,1.1107e-01
1.1350e+01,4.4396e-01,1.1047e-01
1.1749e+01,4.4656e-01,1.0988e-01
1.2162e+01,4.4914e-01,1.0929e-01
1.2589e+01,4.5171e-01,1.0870e-01
1.3032e+01,4.5426e-01,1.0811e-01
1.3490e+01,4.5680e-01,1.0753e-01
1.3964e+01,4.5932e-01,1.0695e-01
1.4454e+01,4.6183e-01,1.0636e-01
1.4962e+01,4.6433e-01,1.0578e-01
1.5488e+01,4.6681e-01,1.0521e-01
1.6032e+01,4.6928e-01,1.0463e-01
1.6596e+01,4.7173e-01,1.0406e-01
1.7179e+01,4.7417e-01,1.0348e-01
1.7783e+01,4.7660e-01,1.0292e-01
1.8408e+01,4.7901e-01,1.0235e-01
1.9055e+01,4.8141e-01,1.0178e-01
1.9724e+01,4.8380e-01,1.0122e-01
2.0417e+01,4.8617e-01,1.0066e-01
2.1135e+01,4.8852e-01,1.0010e-01
2.1878e+01,4.9087e-01,9.9545e-02
2.2646e+01,4.9320e-01,9.8991e-02
2.3442e+01,4.9552e-01,9.8440e-02
2.4266e+01,4.9782e-01,9.7892e-02
2.5119e+01,5.0011e-01,9.7346e-02
2.6002e+01,5.0239e-01,9.6803e-02
2.6915e+01,5.0465e-01,9.6262e-02
2.7861e+01,5.0691e-01,9.5724e-02
2.8840e+01,5.0914e-01,9.5188e-02
2.9854e+01,5.1137e-01,9.4655e-02
3.0903e+01,5.1358e-01,9.4125e-02
3.1989e+01,5.1578e-01,9.3598e-02
3.3113e+01,5.1797e-01,9.3073e-02
3.4277e+01,5.2015e-01,9.2551e-02
3.5481e+01,5.2231e-01,9.2032e-02
3.6728e+01,5.2446e-01,9.1515e-02
3.8019e+01,5.2660e-01,9.1002e-02
3.9355e+01,5.2872e-01,9.0491e-02
4.0738e+01,5.3083e-01,8.9983e-02
4.2170e+01,5.3293e-01,8.9478e-02
4.3652e+01,5.3502e-01,8.8976e-02
4.5186e+01,5.3710e-01,8.8477e-02
4.6774e+01,5.3916e-01,8.7981e-02
4.8417e+01,5.4122e-01,8.7487e-02
5.0119e+01,5.4326e-01,8.6997e-02
5.1880e+01,5.4528e-01,8.6509e-02
5.3703e+01,5.4730e-01,8.6025e-02
5.5590e+01,5.4931e-01,8.5544e-02
5.7544e+01,5.5130e-01,8.5065e-02
5.9566e+01,5.5328e-01,8.4590e-02
6.1660e+01,5.5525e-01,8.4117e-02
6.3826e+01,5.5721e-01,8.3648e-02
6.6069e+01,5.5916e-01,8.3181e-02
6.8391e+01,5.6110e-01,8.2718e-02
7.0795e+01,5.6302e-01,8.2258e-02
7.3282e+01,5.6493e-01,8.1801e-02
7.5858e+01,5.6684e-01,8.1347e-02
7.8524e+01,5.6873e-01,8.0896e-02
8.1283e+01,5.7061e-01,8.0448e-02
8.4140e+01,5.7248e-01,8.0003e-02
8.7096e+01,5.7434e-01,7.9561e-02
9.0157e+01,5.7619e-01,7.9122e-02
9.3325e+01,5.7803e-01,7.8687e-02
9.6605e+01,5.7985e-01,7.8254e-02
1.0000e+02,5.8167e-01,7.7825e-02
1.0351e+02,5.8348e-01,7.7399e-02
1.0715e+02,5.8527e-01,7.6976e-02
1.1092e+02,5.8706e-01,7.6556e-02
1.1482e+02,5.8884e-01,7.6139e-02
1.1885e+02,5.9060e-01,7.5726e-02
1.2303e+02,5.9236e-01,7.5315e-02
1.2735e+02,5.9410e-01,7.4908e-02
1.3183e+02,5.9584e-01,7.4504e-02
1.3646e+02,5.9756e-01,7.4103e-02
1.4125e+02,5.9928e-01,7.3705e-02
1.4622e+02,6.0098e-01,7.3310e-02
1.5136e+02,6.0268e-01,7.2919e-02
1.5668e+02,6.0437e-01,7.2530e-02
1.6218e+02,6.0604e-01,7.2145e-02
1.6788e+02,6.0771e-01,7.1763e-02
1.7378e+02,6.0937e-01,7.1384e-02
1.7989e+02,6.1102e-01,7.1008e-02
1.8621e+02,6.1266e-01,7.0635e-02
1.9275e+02,6.1429e-01,7.0265e-02
1.9953e+02,6.1591e-01,6.9899e-02
2.0654e+02,6.1753e-01,6.9535e-02
2.1380e+02,6.1913e-01,6.9175e-02
2.2131e+02,6.2073e-01,6.8818e-02
2.2909e+02,6.2231e-01,6.8464e-02
2.3714e+02,6.2389e-01,6.8113e-02
2.4547e+02,6.2546e-01,6.7765e-02
2.5410e+02,6.2702e-01,6.7420e-02
2.6303e+02,6.2857e-01,6.7078e-02
2.7227e+02,6.3012e-01,6.6740e-02
2.8184e+02,6.3165e-01,6.6404e-02
2.9174e+02,6.3318e-01,6.6072e-02
3.0200e+02,6.3470e-01,6.5742e-02
3.1261e+02,6.3621e-01,6.5416e-02
3.2359e+02,6.3771e-01,6.5092e-02
3.3497e+02,6.3921e-01,6.4772e-02
3.4674e+02,6.4070e-01,6.4454e-02
3.5892e+02,6.4218e-01,6.4140e-02
3.7154e+02,6.4365e-01,6.3829e-02
3.8459e+02,6.4511e-01,6.3520e-02
3.9811e+02,6.4657e-01,6.3215e-02
4.1210e+02,6.4802e-01,6.2912e-02
4.2658e+02,6.4946e-01,6.2613e-02
4.4157e+02,6.5090e-01,6.2316e-02
4.5709e+02,6.5232e-01,6.2022e-02
4.7315e+02,6.5374e-01,6.1731e-02
4.8978e+02,6.5516e-01,6.1444e-02
5.0699e+02,6.5656e-01,6.1158e-02
5.2481e+02,6.5796e-01,6.0876e-02
5.4325e+02,6.5935e-01,6.0597e-02
5.6234e+02,6.6074e-01,6.0320e-02
5.8210e+02,6.6212e-01,6.0047e-02
6.0256e+02,6.6349e-01,5.9776e-02
6.2373e+02,6.6485e-01,5.9508e-02
6.4565e+02,6.6621e-01,5.9242e-02
6.6834e+02,6.6756e-01,5.8980e-02
6.9183e+02,6.6891e-01,5.8720e-02
7.1614e+02,6.7025e-01,5.8463e-02
7.4131e+02,6.7158e-01,5.8208e-02
7.6736e+02,6.7291e-01,5.7957e-02
7.9433e+02,6.7423e-01,5.7707e-02
8.2224e+02,6.7554e-01,5.7461e-02
8.5114e+02,6.7685e-01,5.7217e-02
8.8105e+02,6.7815e-01,5.6976e-02
9.1201e+02,6.7945e-01,5.6738e-02
9.4406e+02,6.8074e-01,5.6502e-02
9.7724e+02,6.8203e-01,5.6268e-02
1.0116e+03,6.8331e-01,5.6037e-02
1.0471e+03,6.8458e-01,5.5809e-02
1.0839e+03,6.8585e-01,5.5583e-02
1.1220e+03,6.8711e-01,5.5360e-02
1.1614e+03,6.8837e-01,5.5139e-02
1.2023e+03,6.8962e-01,5.4920e-02
1.2445e+03,6.9086e-01,5.4704e-02
1.2882e+03,6.9211e-01,5.4491e-02
1.3335e+03,6.9334e-01,5.4279e-02
1.3804e+03,6.9457e-01,5.4070e-02
1.4289e+03,6.9580e-01,5.3864e-02
1.4791e+03,6.9702e-01,5.3660e-02
1.5311e+03,6.9823e-01,5.3458e-02
1.5849e+03,6.9944e-01,5.3258e-02
1.6406e+03,7.0065e-01,5.3061e-02
1.6982e+03,7.0185e-01,5.2866e-02
1.7579e+03,7.0305e-01,5.2673e-02
1.8197e+03,7.0424e-01,5.2482e-02
1.8836e+03,7.0543e-01,5.2294e-02
1.9498e+03,7.0661e-01,5.2107e-02
2.0184e+03,7.0779e-01,5.1923e-02
2.0893e+03,7.0896e-01,5.1741e-02
2.1627e+03,7.1013e-01,5.1561e-02
2.2387e+03,7.1129e-01,5.1383e-02
2.3174e+03,7.1245e-01,5.1207e-02
2.3988e+03,7.1361e-01,5.1033e-02
2.4831e+03,7.1476e-01,5.0861e-02
2.5704e+03,7.1591e-01,5.0691e-02
2.6607e+03,7.1705e-01,5.0523e-02
2.7542e+03,7.1819e-01,5.0357e-02
2.8510e+03,7.1933e-01,5.0193e-02
2.9512e+03,7.2046e-01,5.0031e-02
3.0549e+03,7.2158e-01,4.9871e-02
3.1623e+03,7.2271e-01,4.9712e-02
3.2734e+03,7.2383e-01,4.9556e-02
3.3884e+03,7.2494e-01,4.9401e-02
3.5075e+03,7.2606e-01,4.9248e-02
3.6308e+03,7.2716e-01,4.9096e-02
3.7584e+03,7.2827e-01,4.8947e-02
3.8905e+03,7.2937e-01,4.8799e-02
4.0272e+03,7.3047e-01,4.8653e-02
4.1687e+03,7.3156e-01,4.8508e-02
4.3152e+03,7.3265e-01,4.8365e-02
4.4668e+03,7.3374e-01,4.8224e-02
4.6238e+03,7.3482e-01,4.8084e-02
4.7863e+03,7.3590e-01,4.7946e-02
4.9545e+03,7.3698e-01,4.7810e-02
5.1286e+03,7.3805e-01,4.7675e-02
5.3088e+03,7.3912e-01,4.7541e-02
5.4954e+03,7.4019e-01,4.7409e-02
5.6885e+03,7.4126e-01,4.7279e-02
5.8884e+03,7.4232e-01,4.7150e-02
6.0954e+03,7.4337e-01,4.7022e-02
6.3096e+03,7.4443e-01,4.6896e-02
6.5313e+03,7.4548e-01,4.6771e-02
6.7608e+03,7.4653e-01,4.6648e-02
6.9984e+03,7.4758e-01,4.6525e-02
7.2444e+03,7.4862e-01,4.6405e-02
7.4989e+03,7.4966e-01,4.6285e-02
7.7625e+03,7.5070e-01,4.6167e-02
8.0353e+03,7.5173e-01,4.6050e-02
8.3176e+03,7.5276e-01,4.5934e-02
8.6099e+03,7.5379e-01,4.5819e-02
8.9125e+03,7.5482e-01,4.5706e-02
9.2257e+03,7.5584e-01,4.5594e-02
9.5499e+03,7.5686e-01,4.5482e-02
9.8855e+03,7.5788e-01,4.5372e-02
1.0233e+04,7.5889e-01,4.5264e-02
1.0593e+04,7.5991e-01,4.5156e-02
1.0965e+04,7.6092e-01,4.5049e-02
1.1350e+04,7.6192e-01,4.4943e-02
1.1749e+04,7.6293e-01,4.4839e-02
1.2162e+04,7.6393e-01,4.4735e-02
1.2589e+04,7.6493e-01,4.4632e-02
1.3032e+04,7.6593e-01,4.4530e-02
1.3490e+04,7.6693e-01,4.4430e-02
1.3964e+04,7.6792e-01,4.4330e-02
1.4454e+04,7.6891e-01,4.4231e-02
1.4962e+04,7.6990e-01,4.4132e-02
1.5488e+04,7.7088e-01,4.4035e-02
1.6032e+04,7.7187e-01,4.3939e-02
1.6596e+04,7.7285e-01,4.3843e-02
1.7179e+04,7.7383e-01,4.3748e-02
1.7783e+04,7.7481e-01,4.3654e-02
1.8408e+04,7.7578e-01,4.3561e-02
1.9055e+04,7.7675e-01,4.3468e-02
1.9724e+04,7.7772e-01,4.3376e-02
2.0417e+04,7.7869e-01,4.3285e-02
2.1135e+04,7.7966e-01,4.3195e-02
2.1878e+04,7.8062e-01,4.3105e-02
2.2646e+04,7.8158e-01,4.3016e-02
2.3442e+04,7.8254e-01,4.2927e-02
2.4266e+04,7.8350e-01,4.2839e-02
2.5119e+04,7.8446e-01,4.2752e-02
2.6002e+04,7.8541e-01,4.2665e-02
2.6915e+04,7.8636e-01,4.2579e-02
2.7861e+04,7.8731e-01,4.2494e-02
2.8840e+04,7.8826e-01,4.2408e-02
2.9854e+04,7.8920e-01,4.2324e-02
3.0903e+04,7.9015e-01,4.2240e-02
3.1989e+04,7.9109e-01,4.2156e-02
3.3113e+04,7.9203e-01,4.2073e-02
3.4277e+04,7.9297e-01,4.1990e-02
3.5481e+04,7.9390e-01,4.1908e-02
3.6728e+04,7.9484e-01,4.1826e-02
3.8019e+04,7.9577e-01,4.1744e-02
3.9355e+04,7.9670e-01,4.1663e-02
4.0738e+04,7.9763e-01,4.1582e-02
4.2170e+04,7.9855e-01,4.1502e-02
4.3652e+04,7.9948e-01,4.1421e-02
4.5186e+04,8.0040e-01,4.1342e-02
4.6774e+04,8.0132e-01,4.1262e-02
4.8417e+04,8.0224e-01,4.1183e-02
5.0119e+04,8.0316e-01,4.1104e-02
5.1880e+04,8.0407e-01,4.1025e-02
5.3703e+04,8.0499e-01,4.0946e-02
5.5590e+04,8.0590e-01,4.0868e-02
5.7544e+04,8.0681e-01,4.0790e-02
5.9566e+04,8.0772e-01,4.0712e-02
6.1660e+04,8.0862e-01,4.0634e-02
6.3826e+04,8.0953e-01,4.0557e-02
6.6069e+04,8.1043e-01,4.0479e-02
6.8391e+04,8.1133e-01,4.0402e-02
7.0795e+04,8.1223e-01,4.0325e-02
7.3282e+04,8.1313e-01,4.0248e-02
7.5858e+04,8.1403e-01,4.0171e-02
7.8524e+04,8.1492e-01,4.0094e-02
8.1283e+04,8.1581e-01,4.0017e-02
8.4140e+04,8.1670e-01,3.9940e-02
8.7096e+04,8.1759e-01,3.9864e-02
9.0157e+04,8.1848e-01,3.9787e-02
9.3325e+04,8.1936e-01,3.9710e-02
9.6605e+04,8.2025e-01,3.9633e-02
1.0000e+05,8.2113e-01,3.9557e-02
1.0351e+05,8.2201e-01,3.9480e-02
1.0715e+05,8.2289e-01,3.9403e-02
1.1092e+05,8.2377e-01,3.9327e-02
1.1482e+05,8.2464e-01,3.9250e-02
1.1885e+05,8.2551e-01,3.9173e-02
1.2303e+05,8.2639e-01,3.9096e-02
1.2735e+05,8.2725e-01,3.9019e-02
1.3183e+05,8.2812e-01,3.8942e-02
1.3646e+05,8.2899e-01,3.8865e-02
1.4125e+05,8.2985e-01,3.8787e-02
1.4622e+05,8.3072e-01,3.8710e-02
1.5136e+05,8.3158e-01,3.8632e-02
1.5668e+05,8.3244e-01,3.8555e-02
1.6218e+05,8.3330e-01,3.8477e-02
1.6788e+05,8.3415e-01,3.8399e-02
1.7378e+05,8.3501e-01,3.8321e-02
1.7989e+05,8.3586e-01,3.8242e-02
1.8621e+05,8.3671e-01,3.8164e-02
1.9275e+05,8.3756e-01,3.8085e-02
1.9953e+05,8.3840e-01,3.8006e-02
2.0654e+05,8.3925e-01,3.7927e-02
2.1380e+05,8.4009e-01,3.7847e-02
2.2131e+05,8.4093e-01,3.7768e-02
2.2909e+05,8.4177e-01,3.7688e-02
2.3714e+05,8.4261e-01,3.7608e-02
2.4547e+05,8.4345e-01,3.7527e-02
2.5410e+05,8.4428e-01,3.7447e-02
2.6303e+05,8.4512e-01,3.7366e-02
2.7227e+05,8.4595e-01,3.7285e-02
2.8184e+05,8.4678e-01,3.7203e-02
2.9174e+05,8.4760e-01,3.7122e-02
3.0200e+05,8.4843e-01,3.7040e-02
3.1261e+05,8.4925e-01,3.6957e-02
3.2359e+05,8.5008e-01,3.6875e-02
3.3497e+05,8.5090e-01,3.6792e-02
3.4674e+05,8.5171e-01,3.6709e-02
3.5892e+05,8.5253e-01,3.6625e-02
3.7154e+05,8.5335e-01,3.6541e-02
3.8459e+05,8.5416e-01,3.6457e-02
3.9811e+05,8.5497e-01,3.6372e-02
4.1210e+05,8.5578e-01,3.6287e-02
4.2658e+05,8.5658e-01,3.6202e-02
4.4157e+05,8.5739e-01,3.6117e-02
4.5709e+05,8.5819e-01,3.6031e-02
4.7315e+05,8.5899e-01,3.5944e-02
4.8978e+05,8.5979e-01,3.5858e-02
5.0699e+05,8.6059e-01,3.5770e-02
5.2481e+05,8.6139e-01,3.5683e-02
5.4325e+05,8.6218e-01,3.5595e-02
5.6234e+05,8.6297e-01,3.5507e-02
5.8210e+05,8.6376e-01,3.5418e-02
6.0256e+05,8.6455e-01,3.5329e-02
6.2373e+05,8.6533e-01,3.5240e-02
6.4565e+05,8.6612e-01,3.5150e-02
6.6834e+05,8.6690e-01,3.5060e-02
6.9183e+05,8.6768e-01,3.4970e-02
7.1614e+05,8.6846e-01,3.4879e-02
7.4131e+05,8.6923e-01,3.4787e-02
7.6736e+05,8.7001e-01,3.4696e-02
7.9433e+05,8.7078e-01,3.4603e-02
8.2224e+05,8.7155e-01,3.4511e-02
8.5114e+05,8.7232e-01,3.4418e-02
8.8105e+05,8.7308e-01,3.4324e-02
9.1201e+05,8.7384e-01,3.4231e-02
9.4406e+05,8.7461e-01,3.4136e-02
9.7724e+05,8.7536e-01,3.4042e-02
1.0116e+06,8.7612e-01,3.3947e-02
1.0471e+06,8.7688e-01,3.3851e-02
1.0839e+06,8.7763e-01,3.3755e-02
1.1220e+06,8.7838e-01,3.3659e-02
1.1614e+06,8.7913e-01,3.3562e-02
1.2023e+06,8.7988e-01,3.3465e-02
1.2445e+06,8.8062e-01,3.3367e-02
1.2882e+06,8.8136e-01,3.3269e-02
1.3335e+06,8.8210e-01,3.3171e-02
1.3804e+06,8.8284e-01,3.3072e-02
1.4289e+06,8.8358e-01,3.2973e-02
1.4791e+06,8.8431e-01,3.2873e-02
1.5311e+06,8.8504e-01,3.2773e-02
1.5849e+06,8.8577e-01,3.2672e-02
1.6406e+06,8.8650e-01,3.2571e-02
1.6982e+06,8.8722e-01,3.2470e-02
1.7579e+06,8.8794e-01,3.2368e-02
1.8197e+06,8.8866e-01,3.2266e-02
1.8836e+06,8.8938e-01,3.2163e-02
1.9498e+06,8.9009e-01,3.2060e-02
2.0184e+06,8.9081e-01,3.1957e-02
2.0893e+06,8.9152e-01,3.1853e-02
2.1627e+06,8.9223e-01,3.1748e-02
2.2387e+06,8.9293e-01,3.1644e-02
2.3174e+06,8.9364e-01,3.1539e-02
2.3988e+06,8.9434e-01,3.1433e-02
2.4831e+06,8.9504e-01,3.1327e-02
2.5704e+06,8.9573e-01,3.1221e-02
2.6607e+06,8.9643e-01,3.1114e-02
2.7542e+06,8.9712e-01,3.1007e-02
2.8510e+06,8.9781e-01,3.0900e-02
2.9512e+06,8.9850e-01,3.0792e-02
3.0549e+06,8.9918e-01,3.0684e-02
3.1623e+06,8.9986e-01,3.0575e-02
3.2734e+06,9.0054e-01,3.0466e-02
3.3884e+06,9.0122e-01,3.0357e-02
3.5075e+06,9.0190e-01,3.0247e-02
3.6308e+06,9.0257e-01,3.0137e-02
3.7584e+06,9.0324e-01,3.0026e-02
3.8905e+06,9.0391e-01,2.9915e-02
4.0272e+06,9.0457e-01,2.9804e-02
4.1687e+06,9.0524e-01,2.9693e-02
4.3152e+06,9.0590e-01,2.9581e-02
4.4668e+06,9.0656e-01,2.9469e-02
4.6238e+06,9.0721e-01,2.9356e-02
4.7863e+06,9.0786e-01,2.9243e-02
4.9545e+06,9.0851e-01,2.9130e-02
5.1286e+06,9.0916e-01,2.9016e-02
5.3088e+06,9.0981e-01,2.8903e-02
5.4954e+06,9.1045e-01,2.8788e-02
5.6885e+06,9.1109e-01,2.8674e-02
5.8884e+06,9.1173e-01,2.8559e-02
6.0954e+06,9.1236e-01,2.8444e-02
6.3096e+06,9.1300e-01,2.8328e-02
6.5313e+06,9.1363e-01,2.8213e-02
6.7608e+06,9.1425e-01,2.8097e-02
6.9984e+06,9.1488e-01,2.7980e-02
7.2444e+06,9.1550e-01,2.7864e-02
7.4989e+06,9.1612e-01,2.7747e-02
7.7625e+06,9.1674e-01,2.7630e-02
8.0353e+06,9.1735e-01,2.7512e-02
8.3176e+06,9.1796e-01,2.7395e-02
8.6099e+06,9.1857e-01,2.7277e-02
8.9125e+06,9.1918e-01,2.7159e-02
9.2257e+06,9.1978e-01,2.7040e-02
9.5499e+06,9.2038e-01,2.6922e-02
9.8855e+06,9.2098e-01,2.6803e-02
1.0233e+07,9.2158e-01,2.6684e-02
1.0593e+07,9.2217e-01,2.6565e-02
1.0965e+07,9.2276e-01,2.6445e-02
1.1350e+07,9.2335e-01,2.6325e-02
1.1749e+07,9.2393e-01,2.6205e-02
1.2162e+07,9.2452e-01,2.6085e-02
1.2589e+07,9.2510e-01,2.5965e-02
1.3032e+07,9.2567e-01,2.5845e-02
1.3490e+07,9.2625e-01,2.5724e-02
1.3964e+07,9.2682e-01,2.5603e-02
1.4454e+07,9.2739e-01,2.5482e-02
1.4962e+07,9.2796e-01,2.5361e-02
1.5488e+07,9.2852e-01,2.5240e-02
1.6032e+07,9.2908e-01,2.5118e-02
1.6596e+07,9.2964e-01,2.4996e-02
1.7179e+07,9.3020e-01,2.4875e-02
1.7783e+07,9.3075e-01,2.4753e-02
1.8408e+07,9.3130e-01,2.4631e-02
1.9055e+07,9.3185e-01,2.4509e-02
1.9724e+07,9.3239e-01,2.4387e-02
2.0417e+07,9.3293e-01,2.4264e-02
2.1135e+07,9.3347e-01,2.4142e-02
2.1878e+07,9.3401e-01,2.4019e-02
2.2646e+07,9.3454e-01,2.3897e-02
2.3442e+07,9.3507e-01,2.3774e-02
2.4266e+07,9.3560e-01,2.3651e-02
2.5119e+07,9.3613e-01,2.3529e-02
2.6002e+07,9.3665e-01,2.3406e-02
2.6915e+07,9.3717e-01,2.3283e-02
2.7861e+07,9.3769e-01,2.3160e-02
2.8840e+07,9.3820e-01,2.3037e-02
2.9854e+07,9.3871e-01,2.2914e-02
3.0903e+07,9.3922e-01,2.2791e-02
3.1989e+07,9.3973e-01,2.2668e-02
3.3113e+07,9.4023e-01,2.2545e-02
3.4277e+07,9.4073e-01,2.2422e-02
3.5481e+07,9.4123e-01,2.2299e-02
3.6728e+07,9.4173e-01,2.2176e-02
3.8019e+07,9.4222e-01,2.2053e-02
3.9355e+07,9.4271e-01,2.1930e-02
4.0738e+07,9.4320e-01,2.1807e-02
4.2170e+07,9.4368e-01,2.1684e-02
4.3652e+07,9.4416e-01,2.1561e-02
4.5186e+07,9.4464e-01,2.1438e-02
4.6774e+07,9.4512e-01,2.1315e-02
4.8417e+07,9.4559e-01,2.1192e-02
5.0119e+07,9.4606e-01,2.1070e-02
5.1880e+07,9.4653e-01,2.0947e-02
5.3703e+07,9.4699e-01,2.0824e-02
5.5590e+07,9.4746e-01,2.0702e-02
5.7544e+07,9.4792e-01,2.0580e-02
5.9566e+07,9.4837e-01,2.0457e-02
6.1660e+07,9.4883e-01,2.0335e-02
6.3826e+07,9.4928e-01,2.0213e-02
6.6069e+07,9.4973e-01,2.0091e-02
6.8391e+07,9.5017e-01,1.9969e-02
7.0795e+07,9.5062e-01,1.9848e-02
7.3282e+07,9.5106e-01,1.9726e-02
7.5858e+07,9.5149e-01,1.9605e-02
7.8524e+07,9.5193e-01,1.9484e-02
8.1283e+07,9.5236e-01,1.9363e-02
8.4140e+07,9.5279e-01,1.9242e-02
8.7096e+07,9.5322e-01,1.9121e-02
9.0157e+07,9.5364e-01,1.9000e-02
9.3325e+07,9.5406e-01,1.8880e-02
9.6605e+07,9.5448e-01,1.8760e-02
1.0000e+08,9.5490e-01,1.8640e-02
1.0351e+08,9.5531e-01,1.8520e-02
1.0715e+08,9.5572e-01,1.8400e-02
1.1092e+08,9.5613e-01,1.8281e-02
1.1482e+08,9.5654e-01,1.8162e-02
1.1885e+08,9.5694e-01,1.8043e-02
1.2303e+08,9.5734e-01,1.7924e-02
1.2735e+08,9.5774e-01,1.7805e-02
1.3183e+08,9.5813e-01,1.7687e-02
1.3646e+08,9.5852e-01,1.7569e-02
1.4125e+08,9.5891e-01,1.7451e-02
1.4622e+08,9.5930e-01,1.7334e-02
1.5136e+08,9.5969e-01,1.7216e-02
1.5668e+08,9.6007e-01,1.7099e-02
1.6218e+08,9.6045e-01,1.6982e-02
1.6788e+08,9.6082e-01,1.6866e-02
1.7378e+08,9.6120e-01,1.6750e-02
1.7989e+08,9.6157e-01,1.6634e-02
1.8621e+08,9.6194e-01,1.6518e-02
1.9275e+08,9.6230e-01,1.6403e-02
1.9953e+08,9.6267e-01,1.6288e-02
2.0654e+08,9.6303e-01,1.6173e-02
2.1380e+08,9.6339e-01,1.6059e-02
2.2131e+08,9.6374e-01,1.5945e-02
2.2909e+08,9.6409e-01,1.5831e-02
2.3714e+08,9.6445e-01,1.5717e-02
2.4547e+08,9.6479e-01,1.5604e-02
2.5410e+08,9.6514e-01,1.5491e-02
2.6303e+08,9.6548e-01,1.5379e-02
2.7227e+08,9.6582e-01,1.5267e-02
2.8184e+08,9.6616e-01,1.5155e-02
2.9174e+08,9.6650e-01,1.5044e-02
3.0200e+08,9.6683e-01,1.4933e-02
3.1261e+08,9.6716e-01,1.4822e-02
3.2359e+08,9.6749e-01,1.4712e-02
3.3497e+08,9.6781e-01,1.4602e-02
3.4674e+08,9.6814e-01,1.4492e-02
3.5892e+08,9.6846e-01,1.4383e-02
3.7154e+08,9.6878e-01,1.4274e-02
3.8459e+08,9.6909e-01,1.4165e-02
3.9811e+08,9.6941e-01,1.4057e-02
4.1210e+08,9.6972e-01,1.3950e-02
4.2658e+08,9.7003e-01,1.3842e-02
4.4157e+08,9.7033e-01,1.3736e-02
4.5709e+08,9.7064e-01,1.3629e-02
4.7315e+08,9.7094e-01,1.3523e-02
4.8978e+08,9.7124e-01,1.3417e-02
5.0699e+08,9.7153e-01,1.3312e-02
5.2481e+08,9.7183e-01,1.3207e-02
5.4325e+08,9.7212e-01,1.3103e-02
5.6234e+08,9.7241e-01,1.2999e-02
5.8210e+08,9.7270e-01,1.2895e-02
6.0256e+08,9.7298e-01,1.2792e-02
6.2373e+08,9.7327e-01,1.2689e-02
6.4565e+08,9.7355e-01,1.2587e-02
6.6834e+08,9.7383e-01,1.2485e-02
6.9183e+08,9.7410e-01,1.2384e-02
7.1614e+08,9.7438e-01,1.2283e-02
7.4131e+08,9.7465e-01,1.2182e-02
7.6736e+08,9.7492e-01,1.2082e-02
7.9433e+08,9.7518e-01,1.1983e-02
8.2224e+08,9.7545e-01,1.1884e-02
8.5114e+08,9.7571e-01,1.1785e-02
8.8105e+08,9.7597e-01,1.1687e-02
9.1201e+08,9.7623e-01,1.1589e-02
9.4406e+08,9.7649e-01,1.1492e-02
9.7724e+08,9.7674e-01,1.1395e-02
1.0116e+09,9.7699e-01,1.1298e-02
1.0471e+09,9.7724e-01,1.1202e-02
1.0839e+09,9.7749e-01,1.1107e-02
1.1220e+09,9.7773e-01,1.1012e-02
1.1614e+09,9.7798e-01,1.0918e-02
1.2023e+09,9.7822e-01,1.0824e-02
1.2445e+09,9.7846e-01,1.0730e-02
1.2882e+09,9.7870e-01,1.0637e-02
1.3335e+09,9.7893e-01,1.0544e-02
1.3804e+09,9.7916e-01,1.0452e-02
1.4289e+09,9.7939e-01,1.0361e-02
1.4791e+09,9.7962e-01,1.0270e-02
1.5311e+09,9.7985e-01,1.0179e-02
1.5849e+09,9.8007e-01,1.0089e-02
1.6406e+09,9.8030e-01,9.9992e-03
1.6982e+09,9.8052e-01,9.9101e-03
1.7579e+09,9.8074e-01,9.8214e-03
1.8197e+09,9.8095e-01,9.7333e-03
1.8836e+09,9.8117e-01,9.6456e-03
1.9498e+09,9.8138e-01,9.5584e-03
2.0184e+09,9.8159e-01,9.4718e-03
2.0893e+09,9.8180e-01,9.3856e-03
2.1627e+09,9.8201e-01,9.2999e-03
2.2387e+09,9.8221e-01,9.2148e-03
2.3174e+09,9.8242e-01,9.1301e-03
2.3988e+09,9.8262e-01,9.0459e-03
2.4831e+09,9.8282e-01,8.9623e-03
2.5704e+09,9.8301e-01,8.8791e-03
2.6607e+09,9.8321e-01,8.7965e-03
2.7542e+09,9.8340e-01,8.7143e-03
2.8510e+09,9.8360e-01,8.6327e-03
2.9512e+09,9.8379e-01,8.5515e-03
3.0549e+09,9.8398e-01,8.4709e-03
3.1623e+09,9.8416e-01,8.3908e-03
3.2734e+09,9.8435e-01,8.3111e-03
3.3884e+09,9.8453e-01,8.2320e-03
3.5075e+09,9.8471e-01,8.1534e-03
3.6308e+09,9.8489e-01,8.0753e-03
3.7584e+09,9.8507e-01,7.9977e-03
3.8905e+09,9.8525e-01,7.9206e-03
4.0272e+09,9.8542e-01,7.8440e-03
4.1687e+09,9.8559e-01,7.7679e-03
4.3152e+09,9.8577e-01,7.6924e-03
4.4668e+09,9.8593e-01,7.6173e-03
4.6238e+09,9.8610e-01,7.5427e-03
4.7863e+09,9.8627e-01,7.4687e-03
4.9545e+09,9.8643e-01,7.3951e-03
5.1286e+09,9.8660e-01,7.3220e-03
5.3088e+09,9.8676e-01,7.2495e-03
5.4954e+09,9.8692e-01,7.1774e-03
5.6885e+09,9.8708e-01,7.1059e-03
5.8884e+09,9.8723e-01,7.0348e-03
6.0954e+09,9.8739e-01,6.9643e-03
6.3096e+09,9.8754e-01,6.8942e-03
6.5313e+09,9.8769e-01,6.8247e-03
6.7608e+09,9.8784e-01,6.7557e-03
6.9984e+09,9.8799e-01,6.6871e-03
7.2444e+09,9.8814e-01,6.6190e-03
7.4989e+09,9.8828e-01,6.5515e-03
7.7625e+09,9.8843e-01,6.4844e-03
8.0353e+09,9.8857e-01,6.4179e-03
8.3176e+09,9.8871e-01,6.3518e-03
8.6099e+09,9.8885e-01,6.2862e-03
8.9125e+09,9.8899e-01,6.2211e-03
9.2257e+09,9.8913e-01,6.1565e-03
9.5499e+09,9.8926e-01,6.0924e-03
9.8855e+09,9.8940e-01,6.0288e-03
1.0233e+10,9.8953e-01,5.9657e-03
1.0593e+10,9.8966e-01,5.9030e-03
1.0965e+10,9.8979e-01,5.8408e-03
1.1350e+10,9.8992e-01,5.7792e-03
1.1749e+10,9.9005e-01,5.7180e-03
1.2162e+10,9.9017e-01,5.6572e-03
1.2589e+10,9.9030e-01,5.5970e-03
1.3032e+10,9.9042e-01,5.5372e-03
1.3490e+10,9.9054e-01,5.4779e-03
1.3964e+10,9.9066e-01,5.4191e-03
1.4454e+10,9.9078e-01,5.3608e-03
1.4962e+10,9.9090e-01,5.3029e-03
1.5488e+10,9.9101e-01,5.2455e-03
1.6032e+10,9.9113e-01,5.1886e-03
1.6596e+10,9.9124e-01,5.1321e-03
1.7179e+10,9.9136e-01,5.0761e-03
1.7783e+10,9.9147e-01,5.0205e-03
1.8408e+10,9.9158e-01,4.9655e-03
1.9055e+10,9.9169e-01,4.9108e-03
1.9724e+10,9.9180e-01,4.8567e-03
2.0417e+10,9.9190e-01,4.8030e-03
2.1135e+10,9.9201e-01,4.7497e-03
2.1878e+10,9.9211e-01,4.6969e-03
2.2646e+10,9.9222e-01,4.6446e-03
2.3442e+10,9.9232e-01,4.5927e-03
2.4266e+10,9.9242e-01,4.5412e-03
2.5119e+10,9.9252e-01,4.4902e-03
2.6002e+10,9.9262e-01,4.4396e-03
2.6915e+10,9.9271e-01,4.3895e-03
2.7861e+10,9.9281e-01,4.3398e-03
2.8840e+10,9.9291e-01,4.2905e-03
2.9854e+10,9.9300e-01,4.2417e-03
3.0903e+10,9.9309e-01,4.1933e-03
3.1989e+10,9.9319e-01,4.1454e-03
3.3113e+10,9.9328e-01,4.0979e-03
3.4277e+10,9.9337e-01,4.0508e-03
3.5481e+10,9.9346e-01,4.0041e-03
3.6728e+10,9.9354e-01,3.9578e-03
3.8019e+10,9.9363e-01,3.9120e-03
3.9355e+10,9.9372e-01,3.8666e-03
4.0738e+10,9.9380e-01,3.8216e-03
4.2170e+10,9.9389e-01,3.7770e-03
4.3652e+10,9.9397e-01,3.7328e-03
4.5186e+10,9.9405e-01,3.6891e-03
4.6774e+10,9.9413e-01,3.6457e-03
4.8417e+10,9.9421e-01,3.6028e-03
5.0119e+10,9.9429e-01,3.5602e-03
5.1880e+10,9.9437e-01,3.5181e-03
5.3703e+10,9.9445e-01,3.4763e-03
5.5590e+10,9.9452e-01,3.4350e-03
5.7544e+10,9.9460e-01,3.3940e-03
5.9566e+10,9.9467e-01,3.3534e-03
6.1660e+10,9.9474e-01,3.3133e-03
6.3826e+10,9.9482e-01,3.2735e-03
6.6069e+10,9.9489e-01,3.2341e-03
6.8391e+10,9.9496e-01,3.1950e-03
7.0795e+10,9.9503e-01,3.1564e-03
7.3282e+10,9.9510e-01,3.1181e-03
7.5858e+10,9.9517e-01,3.0802e-03
7.8524e+10,9.9524e-01,3.0427e-03
8.1283e+10,9.9530e-01,3.0055e-03
8.4140e+10,9.9537e-01,2.9688e-03
8.7096e+10,9.9543e-01,2.9323e-03
9.0157e+10,9.9550e-01,2.8963e-03
9.3325e+10,9.9556e-01,2.8606e-03
9.6605e+10,9.9562e-01,2.8253e-03
1.0000e+11,9.9569e-01,2.7903e-03
