   f   ,G_stor ,G_loss 
  Hz   ,  GPa  ,  GPa  
1.0000e-04,5.8967e-07,9.9652e-05
1.0351e-04,6.2372e-07,1.0315e-04
1.0715e-04,6.5974e-07,1.0676e-04
1.1092e-04,6.9784e-07,1.1051e-04
1.1482e-04,7.3813e-07,1.1438e-04
1.1885e-04,7.8076e-07,1.1839e-04
1.2303e-04,8.2585e-07,1.2254e-04
1.2735e-04,8.7354e-07,1.2684e-04
1.3183e-04,9.2399e-07,1.3128e-04
1.3646e-04,9.7736e-07,1.3588e-04
1.4125e-04,1.0338e-06,1.4064e-04
1.4622e-04,1.0935e-06,1.4557e-04
1.5136e-04,1.1567e-06,1.5067e-04
1.5668e-04,1.2235e-06,1.5595e-04
1.6218e-04,1.2941e-06,1.6142e-04
1.6788e-04,1.3689e-06,1.6707e-04
1.7378e-04,1.4479e-06,1.7293e-04
1.7989e-04,1.5316e-06,1.7898e-04
1.8621e-04,1.6200e-06,1.8525e-04
1.9275e-04,1.7136e-06,1.9174e-04
1.9953e-04,1.8126e-06,1.9846e-04
2.0654e-04,1.9173e-06,2.0541e-04
2.1380e-04,2.0280e-06,2.1260e-04
2.2131e-04,2.1452e-06,2.2004e-04
2.2909e-04,2.2691e-06,2.2775e-04
2.3714e-04,2.4002e-06,2.3572e-04
2.4547e-04,2.5388e-06,2.4397e-04
2.5410e-04,2.6855e-06,2.5251e-04
2.6303e-04,2.8406e-06,2.6135e-04
2.7227e-04,3.0047e-06,2.7050e-04
2.8184e-04,3.1782e-06,2.7996e-04
2.9174e-04,3.3618e-06,2.8976e-04
3.0200e-04,3.5560e-06,2.9990e-04
3.1261e-04,3.7614e-06,3.1039e-04
3.2359e-04,3.9787e-06,3.2125e-04
3.3497e-04,4.2085e-06,3.3248e-04
3.4674e-04,4.4516e-06,3.4411e-04
3.5892e-04,4.7088e-06,3.5614e-04
3.7154e-04,4.9808e-06,3.6859e-04
3.8459e-04,5.2685e-06,3.8148e-04
3.9811e-04,5.5728e-06,3.9482e-04
4.1210e-04,5.8947e-06,4.0862e-04
4.2658e-04,6.2351e-06,4.2290e-04
4.4157e-04,6.5952e-06,4.3767e-04
4.5709e-04,6.9762e-06,4.5297e-04
4.7315e-04,7.3791e-06,4.6879e-04
4.8978e-04,7.8053e-06,4.8516e-04
5.0699e-04,8.2560e-06,5.0211e-04
5.2481e-04,8.7328e-06,5.1964e-04
5.4325e-04,9.2371e-06,5.3779e-04
5.6234e-04,9.7706e-06,5.5656e-04
5.8210e-04,1.0335e-05,5.7599e-04
6.0256e-04,1.0932e-05,5.9609e-04
6.2373e-04,1.1563e-05,6.1689e-04
6.4565e-04,1.2230e-05,6.3841e-04
6.6834e-04,1.2937e-05,6.6068e-04
6.9183e-04,1.3683e-05,6.8372e-04
7.1614e-04,1.4473e-05,7.0756e-04
7.4131e-04,1.5309e-05,7.3223e-04
7.6736e-04,1.6193e-05,7.5775e-04
7.9433e-04,1.7127e-05,7.8416e-04
8.2224e-04,1.8116e-05,8.1148e-04
8.5114e-04,1.9161e-05,8.3975e-04
8.8105e-04,2.0267e-05,8.6900e-04
9.1201e-04,2.1437e-05,8.9926e-04
9.4406e-04,2.2674e-05,9.3057e-04
9.7724e-04,2.3982e-05,9.6296e-04
1.0116e-03,2.5365e-05,9.9647e-04
1.0471e-03,2.6829e-05,1.0311e-03
1.0839e-03,2.8376e-05,1.0670e-03
1.1220e-03,3.0013e-05,1.1041e-03
1.1614e-03,3.1744e-05,1.1425e-03
1.2023e-03,3.3575e-05,1.1822e-03
1.2445e-03,3.5510e-05,1.2233e-03
1.2882e-03,3.7558e-05,1.2658e-03
1.3335e-03,3.9723e-05,1.3097e-03
1.3804e-03,4.2012e-05,1.3552e-03
1.4289e-03,4.4434e-05,1.4023e-03
1.4791e-03,4.6994e-05,1.4509e-03
1.5311e-03,4.9702e-05,1.5013e-03
1.5849e-03,5.2565e-05,1.5533e-03
1.6406e-03,5.5593e-05,1.6072e-03
1.6982e-03,5.8795e-05,1.6629e-03
1.7579e-03,6.2180e-05,1.7205e-03
1.8197e-03,6.5760e-05,1.7801e-03
1.8836e-03,6.9545e-05,1.8417e-03
1.9498e-03,7.3548e-05,1.9054e-03
2.0184e-03,7.7780e-05,1.9713e-03
2.0893e-03,8.2255e-05,2.0395e-03
2.1627e-03,8.6986e-05,2.1100e-03
2.2387e-03,9.1988e-05,2.1829e-03
2.3174e-03,9.7277e-05,2.2583e-03
2.3988e-03,1.0287e-04,2.3363e-03
2.4831e-03,1.0878e-04,2.4169e-03
2.5704e-03,1.1503e-04,2.5003e-03
2.6607e-03,1.2164e-04,2.5865e-03
2.7542e-03,1.2862e-04,2.6757e-03
2.8510e-03,1.3601e-04,2.7678e-03
2.9512e-03,1.4381e-04,2.8631e-03
3.0549e-03,1.5206e-04,2.9616e-03
3.1623e-03,1.6078e-04,3.0635e-03
3.2734e-03,1.7000e-04,3.1688e-03
3.3884e-03,1.7975e-04,3.2777e-03
3.5075e-03,1.9005e-04,3.3902e-03
3.6308e-03,2.0093e-04,3.5066e-03
3.7584e-03,2.1244e-04,3.6268e-03
3.8905e-03,2.2460e-04,3.7511e-03
4.0272e-03,2.3745e-04,3.8796e-03
4.1687e-03,2.5103e-04,4.0124e-03
4.3152e-03,2.6538e-04,4.1496e-03
4.4668e-03,2.8055e-04,4.2915e-03
4.6238e-03,2.9657e-04,4.4381e-03
4.7863e-03,3.1351e-04,4.5895e-03
4.9545e-03,3.3140e-04,4.7461e-03
5.1286e-03,3.5030e-04,4.9078e-03
5.3088e-03,3.7027e-04,5.0749e-03
5.4954e-03,3.9137e-04,5.2476e-03
5.6885e-03,4.1365e-04,5.4260e-03
5.8884e-03,4.3720e-04,5.6103e-03
6.0954e-03,4.6207e-04,5.8006e-03
6.3096e-03,4.8833e-04,5.9973e-03
6.5313e-03,5.1608e-04,6.2004e-03
6.7608e-03,5.4538e-04,6.4102e-03
6.9984e-03,5.7632e-04,6.6269e-03
7.2444e-03,6.0899e-04,6.8506e-03
7.4989e-03,6.4350e-04,7.0817e-03
7.7625e-03,6.7993e-04,7.3203e-03
8.0353e-03,7.1840e-04,7.5666e-03
8.3176e-03,7.5900e-04,7.8210e-03
8.6099e-03,8.0187e-04,8.0835e-03
8.9125e-03,8.4712e-04,8.3545e-03
9.2257e-03,8.9489e-04,8.6343e-03
9.5499e-03,9.4530e-04,8.9230e-03
9.8855e-03,9.9850e-04,9.2210e-03
1.0233e-02,1.0546e-03,9.5284e-03
1.0593e-02,1.1139e-03,9.8457e-03
1.0965e-02,1.1764e-03,1.0173e-02
1.1350e-02,1.2423e-03,1.0511e-02
1.1749e-02,1.3119e-03,1.0859e-02
1.2162e-02,1.3852e-03,1.1218e-02
1.2589e-02,1.4626e-03,1.1589e-02
1.3032e-02,1.5442e-03,1.1971e-02
1.3490e-02,1.6303e-03,1.2365e-02
1.3964e-02,1.7210e-03,1.2771e-02
1.4454e-02,1.8166e-03,1.3189e-02
1.4962e-02,1.9174e-03,1.3621e-02
1.5488e-02,2.0237e-03,1.4065e-02
1.6032e-02,2.1356e-03,1.4524e-02
1.6596e-02,2.2536e-03,1.4996e-02
1.7179e-02,2.3779e-03,1.5482e-02
1.7783e-02,2.5089e-03,1.5983e-02
1.8408e-02,2.6468e-03,1.6498e-02
1.9055e-02,2.7921e-03,1.7029e-02
1.9724e-02,2.9450e-03,1.7576e-02
2.0417e-02,3.1060e-03,1.8139e-02
2.1135e-02,3.2755e-03,1.8718e-02
2.1878e-02,3.4539e-03,1.9313e-02
2.2646e-02,3.6416e-03,1.9926e-02
2.3442e-02,3.8391e-03,2.0556e-02
2.4266e-02,4.0469e-03,2.1205e-02
2.5119e-02,4.2653e-03,2.1871e-02
2.6002e-02,4.4951e-03,2.2556e-02
2.6915e-02,4.7366e-03,2.3260e-02
2.7861e-02,4.9905e-03,2.3983e-02
2.8840e-02,5.2572e-03,2.4726e-02
2.9854e-02,5.5375e-03,2.5489e-02
3.0903e-02,5.8319e-03,2.6272e-02
3.1989e-02,6.1411e-03,2.7076e-02
3.3113e-02,6.4656e-03,2.7900e-02
3.4277e-02,6.8063e-03,2.8746e-02
3.5481e-02,7.1639e-03,2.9614e-02
3.6728e-02,7.5389e-03,3.0504e-02
3.8019e-02,7.9323e-03,3.1415e-02
3.9355e-02,8.3448e-03,3.2349e-02
4.0738e-02,8.7772e-03,3.3306e-02
4.2170e-02,9.2302e-03,3.4286e-02
4.3652e-02,9.7049e-03,3.5288e-02
4.5186e-02,1.0202e-02,3.6314e-02
4.6774e-02,1.0722e-02,3.7364e-02
4.8417e-02,1.1267e-02,3.8436e-02
5.0119e-02,1.1837e-02,3.9533e-02
5.1880e-02,1.2433e-02,4.0653e-02
5.3703e-02,1.3056e-02,4.1797e-02
5.5590e-02,1.3708e-02,4.2964e-02
5.7544e-02,1.4388e-02,4.4155e-02
5.9566e-02,1.5099e-02,4.5370e-02
6.1660e-02,1.5841e-02,4.6608e-02
6.3826e-02,1.6615e-02,4.7869e-02
6.6069e-02,1.7422e-02,4.9154e-02
6.8391e-02,1.8264e-02,5.0461e-02
7.0795e-02,1.9142e-02,5.1791e-02
7.3282e-02,2.0056e-02,5.3144e-02
7.5858e-02,2.1008e-02,5.4518e-02
7.8524e-02,2.1999e-02,5.5913e-02
8.1283e-02,2.3029e-02,5.7330e-02
8.4140e-02,2.4101e-02,5.8766e-02
8.7096e-02,2.5215e-02,6.0223e-02
9.0157e-02,2.6372e-02,6.1698e-02
9.3325e-02,2.7573e-02,6.3192e-02
9.6605e-02,2.8819e-02,6.4704e-02
1.0000e-01,3.0112e-02,6.6232e-02
1.0351e-01,3.1451e-02,6.7776e-02
1.0715e-01,3.2839e-02,6.9335e-02
1.1092e-01,3.4276e-02,7.0907e-02
1.1482e-01,3.5764e-02,7.2493e-02
1.1885e-01,3.7302e-02,7.4090e-02
1.2303e-01,3.8891e-02,7.5698e-02
1.2735e-01,4.0533e-02,7.7314e-02
1.3183e-01,4.2228e-02,7.8939e-02
1.3646e-01,4.3977e-02,8.0571e-02
1.4125e-01,4.5780e-02,8.2207e-02
1.4622e-01,4.7638e-02,8.3848e-02
1.5136e-01,4.9551e-02,8.5491e-02
1.5668e-01,5.1520e-02,8.7134e-02
1.6218e-01,5.3545e-02,8.8777e-02
1.6788e-01,5.5625e-02,9.0418e-02
1.7378e-01,5.7763e-02,9.2055e-02
1.7989e-01,5.9956e-02,9.3686e-02
1.8621e-01,6.2206e-02,9.5310e-02
1.9275e-01,6.4511e-02,9.6926e-02
1.9953e-01,6.6873e-02,9.8531e-02
2.0654e-01,6.9291e-02,1.0012e-01
2.1380e-01,7.1764e-02,1.0170e-01
2.2131e-01,7.4291e-02,1.0327e-01
2.2909e-01,7.6873e-02,1.0481e-01
2.3714e-01,7.9509e-02,1.0634e-01
2.4547e-01,8.2197e-02,1.0785e-01
2.5410e-01,8.4938e-02,1.0934e-01
2.6303e-01,8.7730e-02,1.1080e-01
2.7227e-01,9.0572e-02,1.1224e-01
2.8184e-01,9.3463e-02,1.1365e-01
2.9174e-01,9.6402e-02,1.1504e-01
3.0200e-01,9.9388e-02,1.1639e-01
3.1261e-01,1.0242e-01,1.1772e-01
3.2359e-01,1.0550e-01,1.1901e-01
3.3497e-01,1.0861e-01,1.2028e-01
3.4674e-01,1.1177e-01,1.2151e-01
3.5892e-01,1.1497e-01,1.2270e-01
3.7154e-01,1.1821e-01,1.2386e-01
3.8459e-01,1.2149e-01,1.2498e-01
3.9811e-01,1.2480e-01,1.2607e-01
4.1210e-01,1.2814e-01,1.2712e-01
4.2658e-01,1.3152e-01,1.2813e-01
4.4157e-01,1.3492e-01,1.2910e-01
4.5709e-01,1.3836e-01,1.3004e-01
4.7315e-01,1.4182e-01,1.3093e-01
4.8978e-01,1.4530e-01,1.3178e-01
5.0699e-01,1.4881e-01,1.3260e-01
5.2481e-01,1.5234e-01,1.3337e-01
5.4325e-01,1.5590e-01,1.3410e-01
5.6234e-01,1.5946e-01,1.3480e-01
5.8210e-01,1.6305e-01,1.3545e-01
6.0256e-01,1.6665e-01,1.3606e-01
6.2373e-01,1.7026e-01,1.3663e-01
6.4565e-01,1.7389e-01,1.3717e-01
6.6834e-01,1.7753e-01,1.3766e-01
6.9183e-01,1.8117e-01,1.3812e-01
7.1614e-01,1.8482e-01,1.3854e-01
7.4131e-01,1.8848e-01,1.3892e-01
7.6736e-01,1.9214e-01,1.3926e-01
7.9433e-01,1.9580e-01,1.3957e-01
8.2224e-01,1.9947e-01,1.3984e-01
8.5114e-01,2.0314e-01,1.4007e-01
8.8105e-01,2.0680e-01,1.4027e-01
9.1201e-01,2.1047e-01,1.4044e-01
9.4406e-01,2.1413e-01,1.4057e-01
9.7724e-01,2.1778e-01,1.4068e-01
1.0116e+00,2.2143e-01,1.4075e-01
1.0471e+00,2.2508e-01,1.4078e-01
1.0839e+00,2.2872e-01,1.4079e-01
1.1220e+00,2.3235e-01,1.4077e-01
1.1614e+00,2.3597e-01,1.4073e-01
1.2023e+00,2.3958e-01,1.4065e-01
1.2445e+00,2.4319e-01,1.4055e-01
1.2882e+00,2.4678e-01,1.4042e-01
1.3335e+00,2.5036e-01,1.4027e-01
1.3804e+00,2.5392e-01,1.4010e-01
1.4289e+00,2.5748e-01,1.3990e-01
1.4791e+00,2.6102e-01,1.3968e-01
1.5311e+00,2.6455e-01,1.3944e-01
1.5849e+00,2.6806e-01,1.3917e-01
1.6406e+00,2.7156e-01,1.3889e-01
1.6982e+00,2.7504e-01,1.3859e-01
1.7579e+00,2.7851e-01,1.3827e-01
1.8197e+00,2.8197e-01,1.3794e-01
1.8836e+00,2.8540e-01,1.3758e-01
1.9498e+00,2.8882e-01,1.3721e-01
2.0184e+00,2.9223e-01,1.3683e-01
2.0893e+00,2.9562e-01,1.3643e-01
2.1627e+00,2.9899e-01,1.3602e-01
2.2387e+00,3.0234e-01,1.3559e-01
2.3174e+00,3.0568e-01,1.3515e-01
2.3988e+00,3.0900e-01,1.3470e-01
2.4831e+00,3.1230e-01,1.3424e-01
2.5704e+00,3.1559e-01,1.3377e-01
2.6607e+00,3.1886e-01,1.3329e-01
2.7542e+00,3.2211e-01,1.3280e-01
2.8510e+00,3.2534e-01,1.3230e-01
2.9512e+00,3.2856e-01,1.3179e-01
3.0549e+00,3.3176e-01,1.3127e-01
3.1623e+00,3.3494e-01,1.3075e-01
3.2734e+00,3.3810e-01,1.3022e-01
3.3884e+00,3.4125e-01,1.2968e-01
3.5075e+00,3.4438e-01,1.2914e-01
3.6308e+00,3.4749e-01,1.2859e-01
3.7584e+00,3.5058e-01,1.2804e-01
3.8905e+00,3.5366e-01,1.2748e-01
4.0272e+00,3.5672e-01,1.2691e-01
4.1687e+00,3.5976e-01,1.2634e-01
4.3152e+00,3.6279e-01,1.2577e-01
4.4668e+00,3.6579e-01,1.2520e-01
4.6238e+00,3.6879e-01,1.2462e-01
4.7863e+00,3.7176e-01,1.2404e-01
4.9545e+00,3.7472e-01,1.2345e-01
5.1286e+00,3.7766e-01,1.2287e-01
5.3088e+00,3.8058e-01,1.2228e-01
5.4954e+00,3.8349e-01,1.2169e-01
5.6885e+00,3.8638e-01,1.2110e-01
5.8884e+00,3.8925e-01,1.2051e-01
6.0954e+00,3.9211e-01,1.1991e-01
6.3096e+00,3.9495e-01,1.1932e-01
6.5313e+00,3.9778e-01,1.1872e-01
6.7608e+00,4.0059e-01,1.1812e-01
6.9984e+00,4.0339e-01,1.1753e-01
7.2444e+00,4.0616e-01,1.1693e-01
7.4989e+00,4.0893e-01,1.1633e-01
7.7625e+00,4.1167e-01,1.1574e-01
8.0353e+00,4.1440e-01,1.1514e-01
8.3176e+00,4.1712e-01,1.1454e-01
8.6099e+00,4.1982e-01,1.1395e-01
8.9125e+00,4.2251e-01,1.1335e-01
9.2257e+00,4.2518e-01,1.1276e-01
9.5499e+00,4.2783e-01,1.1216e-01
9.8855e+00,4.3047e-01,1.1157e-01
1.0233e+01,4.3310e-01,1.1098e-01
1.0593e+01,4.3571e-01,1.1039e-01
1.0965e+01,4.3830e-01,1.0980e-01
1.1350e+01,4.4088e-01,1.0921e-01
1.1749e+01,4.4345e-01,1.0863e-01
1.2162e+01,4.4600e-01,1.0804e-01
1.2589e+01,4.4854e-01,1.0746e-01
1.3032e+01,4.5106e-01,1.0688e-01
1.3490e+01,4.5357e-01,1.0630e-01
1.3964e+01,4.5606e-01,1.0572e-01
1.4454e+01,4.5854e-01,1.0514e-01
1.4962e+01,4.6101e-01,1.0457e-01
1.5488e+01,4.6346e-01,1.0400e-01
1.6032e+01,4.6590e-01,1.0343e-01
1.6596e+01,4.6832e-01,1.0286e-01
1.7179e+01,4.7073e-01,1.0229e-01
1.7783e+01,4.7313e-01,1.0173e-01
1.8408e+01,4.7551e-01,1.0117e-01
1.9055e+01,4.7788e-01,1.0061e-01
1.9724e+01,4.8024e-01,1.0005e-01
2.0417e+01,4.8258e-01,9.9495e-02
2.1135e+01,4.8491e-01,9.8943e-02
2.1878e+01,4.8722e-01,9.8393e-02
2.2646e+01,4.8952e-01,9.7846e-02
2.3442e+01,4.9181e-01,9.7301e-02
2.4266e+01,4.9409e-01,9.6758e-02
2.5119e+01,4.9635e-01,9.6218e-02
2.6002e+01,4.9860e-01,9.5681e-02
2.6915e+01,5.0084e-01,9.5146e-02
2.7861e+01,5.0306e-01,9.4613e-02
2.8840e+01,5.0528e-01,9.4084e-02
2.9854e+01,5.0748e-01,9.3557e-02
3.0903e+01,5.0966e-01,9.3033e-02
3.1989e+01,5.1184e-01,9.2511e-02
3.3113e+01,5.1400e-01,9.1992e-02
3.4277e+01,5.1615e-01,9.1476e-02
3.5481e+01,5.1828e-01,9.0962e-02
3.6728e+01,5.2041e-01,9.0452e-02
3.8019e+01,5.2252e-01,8.9944e-02
3.9355e+01,5.2462e-01,8.9439e-02
4.0738e+01,5.2670e-01,8.8936e-02
4.2170e+01,5.2878e-01,8.8437e-02
4.3652e+01,5.3084e-01,8.7940e-02
4.5186e+01,5.3289e-01,8.7447e-02
4.6774e+01,5.3493e-01,8.6956e-02
4.8417e+01,5.3696e-01,8.6468e-02
5.0119e+01,5.3898e-01,8.5983e-02
5.1880e+01,5.4098e-01,8.5501e-02
5.3703e+01,5.4298e-01,8.5021e-02
5.5590e+01,5.4496e-01,8.4545e-02
5.7544e+01,5.4693e-01,8.4072e-02
5.9566e+01,5.4888e-01,8.3601e-02
6.1660e+01,5.5083e-01,8.3134e-02
6.3826e+01,5.5277e-01,8.2669e-02
6.6069e+01,5.5469e-01,8.2208e-02
6.8391e+01,5.5660e-01,8.1749e-02
7.0795e+01,5.5851e-01,8.1294e-02
7.3282e+01,5.6040e-01,8.0841e-02
7.5858e+01,5.6228e-01,8.0392e-02
7.8524e+01,5.6415e-01,7.9945e-02
8.1283e+01,5.6601e-01,7.9502e-02
8.4140e+01,5.6785e-01,7.9061e-02
8.7096e+01,5.6969e-01,7.8624e-02
9.0157e+01,5.7152e-01,7.8190e-02
9.3325e+01,5.7333e-01,7.7758e-02
9.6605e+01,5.7514e-01,7.7330e-02
1.0000e+02,5.7693e-01,7.6905e-02
1.0351e+02,5.7872e-01,7.6483e-02
1.0715e+02,5.8049e-01,7.6064e-02
1.1092e+02,5.8226e-01,7.5648e-02
1.1482e+02,5.8401e-01,7.5235e-02
1.1885e+02,5.8576e-01,7.4825e-02
1.2303e+02,5.8749e-01,7.4418e-02
1.2735e+02,5.8922e-01,7.4014e-02
1.3183e+02,5.9093e-01,7.3613e-02
1.3646e+02,5.9263e-01,7.3216e-02
1.4125e+02,5.9433e-01,7.2821e-02
1.4622e+02,5.9602e-01,7.2430e-02
1.5136e+02,5.9769e-01,7.2041e-02
1.5668e+02,5.9936e-01,7.1656e-02
1.6218e+02,6.0101e-01,7.1274e-02
1.6788e+02,6.0266e-01,7.0894e-02
1.7378e+02,6.0430e-01,7.0518e-02
1.7989e+02,6.0593e-01,7.0145e-02
1.8621e+02,6.0755e-01,6.9775e-02
1.9275e+02,6.0916e-01,6.9408e-02
1.9953e+02,6.1076e-01,6.9044e-02
2.0654e+02,6.1236e-01,6.8683e-02
2.1380e+02,6.1394e-01,6.8325e-02
2.2131e+02,6.1552e-01,6.7970e-02
2.2909e+02,6.1708e-01,6.7618e-02
2.3714e+02,6.1864e-01,6.7270e-02
2.4547e+02,6.2019e-01,6.6924e-02
2.5410e+02,6.2173e-01,6.6581e-02
2.6303e+02,6.2327e-01,6.6241e-02
2.7227e+02,6.2479e-01,6.5905e-02
2.8184e+02,6.2631e-01,6.5571e-02
2.9174e+02,6.2782e-01,6.5240e-02
3.0200e+02,6.2932e-01,6.4912e-02
3.1261e+02,6.3081e-01,6.4587e-02
3.2359e+02,6.3229e-01,6.4265e-02
3.3497e+02,6.3377e-01,6.3946e-02
3.4674e+02,6.3524e-01,6.3630e-02
3.5892e+02,6.3670e-01,6.3317e-02
3.7154e+02,6.3815e-01,6.3007e-02
3.8459e+02,6.3960e-01,6.2700e-02
3.9811e+02,6.4104e-01,6.2395e-02
4.1210e+02,6.4247e-01,6.2094e-02
4.2658e+02,6.4389e-01,6.1795e-02
4.4157e+02,6.4531e-01,6.1499e-02
4.5709e+02,6.4672e-01,6.1207e-02
4.7315e+02,6.4812e-01,6.0917e-02
4.8978e+02,6.4951e-01,6.0629e-02
5.0699e+02,6.5090e-01,6.0345e-02
5.2481e+02,6.5228e-01,6.0063e-02
5.4325e+02,6.5365e-01,5.9784e-02
5.6234e+02,6.5502e-01,5.9508e-02
5.8210e+02,6.5638e-01,5.9235e-02
6.0256e+02,6.5773e-01,5.8964e-02
6.2373e+02,6.5908e-01,5.8697e-02
6.4565e+02,6.6042e-01,5.8431e-02
6.6834e+02,6.6175e-01,5.8169e-02
6.9183e+02,6.6308e-01,5.7909e-02
7.1614e+02,6.6440e-01,5.7652e-02
7.4131e+02,6.6572e-01,5.7398e-02
7.6736e+02,6.6703e-01,5.7146e-02
7.9433e+02,6.6833e-01,5.6897e-02
8.2224e+02,6.6962e-01,5.6650e-02
8.5114e+02,6.7091e-01,5.6406e-02
8.8105e+02,6.7220e-01,5.6165e-02
9.1201e+02,6.7348e-01,5.5926e-02
9.4406e+02,6.7475e-01,5.5690e-02
9.7724e+02,6.7602e-01,5.5456e-02
1.0116e+03,6.7728e-01,5.5225e-02
1.0471e+03,6.7853e-01,5.4996e-02
1.0839e+03,6.7978e-01,5.4770e-02
1.1220e+03,6.8103e-01,5.4546e-02
1.1614e+03,6.8226e-01,5.4324e-02
1.2023e+03,6.8350e-01,5.4105e-02
1.2445e+03,6.8473e-01,5.3889e-02
1.2882e+03,6.8595e-01,5.3675e-02
1.3335e+03,6.8717e-01,5.3463e-02
1.3804e+03,6.8838e-01,5.3253e-02
1.4289e+03,6.8959e-01,5.3046e-02
1.4791e+03,6.9079e-01,5.2841e-02
1.5311e+03,6.9198e-01,5.2638e-02
1.5849e+03,6.9318e-01,5.2438e-02
1.6406e+03,6.9436e-01,5.2240e-02
1.6982e+03,6.9555e-01,5.2044e-02
1.7579e+03,6.9672e-01,5.1850e-02
1.8197e+03,6.9790e-01,5.1658e-02
1.8836e+03,6.9907e-01,5.1469e-02
1.9498e+03,7.0023e-01,5.1282e-02
2.0184e+03,7.0139e-01,5.1096e-02
2.0893e+03,7.0254e-01,5.0913e-02
2.1627e+03,7.0369e-01,5.0732e-02
2.2387e+03,7.0484e-01,5.0554e-02
2.3174e+03,7.0598e-01,5.0377e-02
2.3988e+03,7.0712e-01,5.0202e-02
2.4831e+03,7.0825e-01,5.0029e-02
2.5704e+03,7.0938e-01,4.9858e-02
2.6607e+03,7.1051e-01,4.9689e-02
2.7542e+03,7.1163e-01,4.9522e-02
2.8510e+03,7.1274e-01,4.9357e-02
2.9512e+03,7.1386e-01,4.9194e-02
3.0549e+03,7.1496e-01,4.9032e-02
3.1623e+03,7.1607e-01,4.8873e-02
3.2734e+03,7.1717e-01,4.8715e-02
3.3884e+03,7.1827e-01,4.8559e-02
3.5075e+03,7.1936e-01,4.8405e-02
3.6308e+03,7.2045e-01,4.8253e-02
3.7584e+03,7.2154e-01,4.8103e-02
3.8905e+03,7.2262e-01,4.7954e-02
4.0272e+03,7.2370e-01,4.7807e-02
4.1687e+03,7.2477e-01,4.7661e-02
4.3152e+03,7.2584e-01,4.7518e-02
4.4668e+03,7.2691e-01,4.7375e-02
4.6238e+03,7.2798e-01,4.7235e-02
4.7863e+03,7.2904e-01,4.7096e-02
4.9545e+03,7.3010e-01,4.6959e-02
5.1286e+03,7.3115e-01,4.6823e-02
5.3088e+03,7.3220e-01,4.6689e-02
5.4954e+03,7.3325e-01,4.6556e-02
5.6885e+03,7.3430e-01,4.6425e-02
5.8884e+03,7.3534e-01,4.6295e-02
6.0954e+03,7.3638e-01,4.6167e-02
6.3096e+03,7.3741e-01,4.6040e-02
6.5313e+03,7.3844e-01,4.5914e-02
6.7608e+03,7.3947e-01,4.5790e-02
6.9984e+03,7.4050e-01,4.5668e-02
7.2444e+03,7.4152e-01,4.5546e-02
7.4989e+03,7.4255e-01,4.5426e-02
7.7625e+03,7.4356e-01,4.5308e-02
8.0353e+03,7.4458e-01,4.5190e-02
8.3176e+03,7.4559e-01,4.5074e-02
8.6099e+03,7.4660e-01,4.4959e-02
8.9125e+03,7.4761e-01,4.4845e-02
9.2257e+03,7.4861e-01,4.4733e-02
9.5499e+03,7.4961e-01,4.4622e-02
9.8855e+03,7.5061e-01,4.4512e-02
1.0233e+04,7.5161e-01,4.4403e-02
1.0593e+04,7.5260e-01,4.4295e-02
1.0965e+04,7.5359e-01,4.4188e-02
1.1350e+04,7.5458e-01,4.4083e-02
1.1749e+04,7.5557e-01,4.3978e-02
1.2162e+04,7.5655e-01,4.3874e-02
1.2589e+04,7.5753e-01,4.3772e-02
1.3032e+04,7.5851e-01,4.3671e-02
1.3490e+04,7.5948e-01,4.3570e-02
1.3964e+04,7.6046e-01,4.3471e-02
1.4454e+04,7.6143e-01,4.3372e-02
1.4962e+04,7.6240e-01,4.3274e-02
1.5488e+04,7.6337e-01,4.3178e-02
1.6032e+04,7.6433e-01,4.3082e-02
1.6596e+04,7.6529e-01,4.2987e-02
1.7179e+04,7.6625e-01,4.2893e-02
1.7783e+04,7.6721e-01,4.2800e-02
1.8408e+04,7.6817e-01,4.2708e-02
1.9055e+04,7.6912e-01,4.2616e-02
1.9724e+04,7.7007e-01,4.2525e-02
2.0417e+04,7.7102e-01,4.2435e-02
2.1135e+04,7.7197e-01,4.2346e-02
2.1878e+04,7.7291e-01,4.2258e-02
2.2646e+04,7.7385e-01,4.2170e-02
2.3442e+04,7.7479e-01,4.2083e-02
2.4266e+04,7.7573e-01,4.1996e-02
2.5119e+04,7.7667e-01,4.1911e-02
2.6002e+04,7.7760e-01,4.1825e-02
2.6915e+04,7.7854e-01,4.1741e-02
2.7861e+04,7.7947e-01,4.1657e-02
2.8840e+04,7.8040e-01,4.1574e-02
2.9854e+04,7.8132e-01,4.1491e-02
3.0903e+04,7.8225e-01,4.1409e-02
3.1989e+04,7.8317e-01,4.1328e-02
3.3113e+04,7.8409e-01,4.1247e-02
3.4277e+04,7.8501e-01,4.1166e-02
3.5481e+04,7.8593e-01,4.1086e-02
3.6728e+04,7.8684e-01,4.1007e-02
3.8019e+04,7.8776e-01,4.0928e-02
3.9355e+04,7.8867e-01,4.0849e-02
4.0738e+04,7.8958e-01,4.0771e-02
4.2170e+04,7.9049e-01,4.0694e-02
4.3652e+04,7.9139e-01,4.0616e-02
4.5186e+04,7.9230e-01,4.0540e-02
4.6774e+04,7.9320e-01,4.0463e-02
4.8417e+04,7.9410e-01,4.0387e-02
5.0119e+04,7.9500e-01,4.0311e-02
5.1880e+04,7.9590e-01,4.0236e-02
5.3703e+04,7.9679e-01,4.0161e-02
5.5590e+04,7.9769e-01,4.0086e-02
5.7544e+04,7.9858e-01,4.0012e-02
5.9566e+04,7.9947e-01,3.9937e-02
6.1660e+04,8.0036e-01,3.9863e-02
6.3826e+04,8.0125e-01,3.9790e-02
6.6069e+04,8.0213e-01,3.9716e-02
6.8391e+04,8.0302e-01,3.9643e-02
7.0795e+04,8.0390e-01,3.9570e-02
7.3282e+04,8.0478e-01,3.9497e-02
7.5858e+04,8.0566e-01,3.9425e-02
7.8524e+04,8.0653e-01,3.9352e-02
8.1283e+04,8.0741e-01,3.9280e-02
8.4140e+04,8.0828e-01,3.9208e-02
8.7096e+04,8.0916e-01,3.9136e-02
9.0157e+04,8.1003e-01,3.9064e-02
9.3325e+04,8.1090e-01,3.8993e-02
9.6605e+04,8.1176e-01,3.8921e-02
1.0000e+05,8.1263e-01,3.8849e-02
1.0351e+05,8.1349e-01,3.8778e-02
1.0715e+05,8.1435e-01,3.8707e-02
1.1092e+05,8.1522e-01,3.8635e-02
1.1482e+05,8.1607e-01,3.8564e-02
1.1885e+05,8.1693e-01,3.8493e-02
1.2303e+05,8.1779e-01,3.8422e-02
1.2735e+05,8.1864e-01,3.8351e-02
1.3183e+05,8.1950e-01,3.8279e-02
1.3646e+05,8.2035e-01,3.8208e-02
1.4125e+05,8.2120e-01,3.8137e-02
1.4622e+05,8.2204e-01,3.8066e-02
1.5136e+05,8.2289e-01,3.7995e-02
1.5668e+05,8.2373e-01,3.7923e-02
1.6218e+05,8.2458e-01,3.7852e-02
1.6788e+05,8.2542e-01,3.7781e-02
1.7378e+05,8.2626e-01,3.7709e-02
1.7989e+05,8.2710e-01,3.7638e-02
1.8621e+05,8.2793e-01,3.7566e-02
1.9275e+05,8.2877e-01,3.7494e-02
1.9953e+05,8.2960e-01,3.7422e-02
2.0654e+05,8.3043e-01,3.7350e-02
2.1380e+05,8.3126e-01,3.7278e-02
2.2131e+05,8.3209e-01,3.7206e-02
2.2909e+05,8.3292e-01,3.7134e-02
2.3714e+05,8.3375e-01,3.7061e-02
2.4547e+05,8.3457e-01,3.6988e-02
2.5410e+05,8.3539e-01,3.6915e-02
2.6303e+05,8.3621e-01,3.6842e-02
2.7227e+05,8.3703e-01,3.6769e-02
2.8184e+05,8.3785e-01,3.6696e-02
2.9174e+05,8.3866e-01,3.6622e-02
3.0200e+05,8.3948e-01,3.6548e-02
3.1261e+05,8.4029e-01,3.6474e-02
3.2359e+05,8.4110e-01,3.6400e-02
3.3497e+05,8.4191e-01,3.6326e-02
3.4674e+05,8.4272e-01,3.6251e-02
3.5892e+05,8.4352e-01,3.6176e-02
3.7154e+05,8.4433e-01,3.6101e-02
3.8459e+05,8.4513e-01,3.6026e-02
3.9811e+05,8.4593e-01,3.5950e-02
4.1210e+05,8.4673e-01,3.5874e-02
4.2658e+05,8.4752e-01,3.5798e-02
4.4157e+05,8.4832e-01,3.5721e-02
4.5709e+05,8.4911e-01,3.5645e-02
4.7315e+05,8.4991e-01,3.5568e-02
4.8978e+05,8.5070e-01,3.5490e-02
5.0699e+05,8.5149e-01,3.5413e-02
5.2481e+05,8.5227e-01,3.5335e-02
5.4325e+05,8.5306e-01,3.5257e-02
5.6234e+05,8.5384e-01,3.5178e-02
5.8210e+05,8.5462e-01,3.5099e-02
6.0256e+05,8.5540e-01,3.5020e-02
6.2373e+05,8.5618e-01,3.4941e-02
6.4565e+05,8.5696e-01,3.4861e-02
6.6834e+05,8.5773e-01,3.4781e-02
6.9183e+05,8.5850e-01,3.4701e-02
7.1614e+05,8.5928e-01,3.4620e-02
7.4131e+05,8.6005e-01,3.4539e-02
7.6736e+05,8.6081e-01,3.4458e-02
7.9433e+05,8.6158e-01,3.4376e-02
8.2224e+05,8.6234e-01,3.4294e-02
8.5114e+05,8.6310e-01,3.4211e-02
8.8105e+05,8.6386e-01,3.4129e-02
9.1201e+05,8.6462e-01,3.4046e-02
9.4406e+05,8.6538e-01,3.3962e-02
9.7724e+05,8.6613e-01,3.3878e-02
1.0116e+06,8.6689e-01,3.3794e-02
1.0471e+06,8.6764e-01,3.3709e-02
1.0839e+06,8.6839e-01,3.3625e-02
1.1220e+06,8.6913e-01,3.3539e-02
1.1614e+06,8.6988e-01,3.3454e-02
1.2023e+06,8.7062e-01,3.3368e-02
1.2445e+06,8.7136e-01,3.3281e-02
1.2882e+06,8.7210e-01,3.3194e-02
1.3335e+06,8.7284e-01,3.3107e-02
1.3804e+06,8.7358e-01,3.3020e-02
1.4289e+06,8.7431e-01,3.2932e-02
1.4791e+06,8.7504e-01,3.2844e-02
1.5311e+06,8.7577e-01,3.2755e-02
1.5849e+06,8.7650e-01,3.2666e-02
1.6406e+06,8.7723e-01,3.2577e-02
1.6982e+06,8.7795e-01,3.2487e-02
1.7579e+06,8.7867e-01,3.2397e-02
1.8197e+06,8.7939e-01,3.2306e-02
1.8836e+06,8.8011e-01,3.2215e-02
1.9498e+06,8.8083e-01,3.2124e-02
2.0184e+06,8.8154e-01,3.2032e-02
2.0893e+06,8.8225e-01,3.1940e-02
2.1627e+06,8.8296e-01,3.1848e-02
2.2387e+06,8.8367e-01,3.1755e-02
2.3174e+06,8.8438e-01,3.1662e-02
2.3988e+06,8.8508e-01,3.1569e-02
2.4831e+06,8.8578e-01,3.1475e-02
2.5704e+06,8.8648e-01,3.1380e-02
2.6607e+06,8.8718e-01,3.1286e-02
2.7542e+06,8.8787e-01,3.1191e-02
2.8510e+06,8.8857e-01,3.1095e-02
2.9512e+06,8.8926e-01,3.1000e-02
3.0549e+06,8.8995e-01,3.0903e-02
3.1623e+06,8.9063e-01,3.0807e-02
3.2734e+06,8.9132e-01,3.0710e-02
3.3884e+06,8.9200e-01,3.0613e-02
3.5075e+06,8.9268e-01,3.0515e-02
3.6308e+06,8.9336e-01,3.0417e-02
3.7584e+06,8.9403e-01,3.0319e-02
3.8905e+06,8.9471e-01,3.0220e-02
4.0272e+06,8.9538e-01,3.0121e-02
4.1687e+06,8.9605e-01,3.0022e-02
4.3152e+06,8.9672e-01,2.9922e-02
4.4668e+06,8.9738e-01,2.9822e-02
4.6238e+06,8.9804e-01,2.9722e-02
4.7863e+06,8.9870e-01,2.9621e-02
4.9545e+06,8.9936e-01,2.9520e-02
5.1286e+06,9.0002e-01,2.9419e-02
5.3088e+06,9.0067e-01,2.9317e-02
5.4954e+06,9.0132e-01,2.9215e-02
5.6885e+06,9.0197e-01,2.9113e-02
5.8884e+06,9.0262e-01,2.9010e-02
6.0954e+06,9.0326e-01,2.8907e-02
6.3096e+06,9.0391e-01,2.8804e-02
6.5313e+06,9.0455e-01,2.8700e-02
6.7608e+06,9.0518e-01,2.8596e-02
6.9984e+06,9.0582e-01,2.8492e-02
7.2444e+06,9.0645e-01,2.8387e-02
7.4989e+06,9.0708e-01,2.8282e-02
7.7625e+06,9.0771e-01,2.8177e-02
8.0353e+06,9.0834e-01,2.8072e-02
8.3176e+06,9.0896e-01,2.7966e-02
8.6099e+06,9.0958e-01,2.7860e-02
8.9125e+06,9.1020e-01,2.7754e-02
9.2257e+06,9.1082e-01,2.7647e-02
9.5499e+06,9.1143e-01,2.7540e-02
9.8855e+06,9.1205e-01,2.7433e-02
1.0233e+07,9.1266e-01,2.7326e-02
1.0593e+07,9.1326e-01,2.7218e-02
1.0965e+07,9.1387e-01,2.7110e-02
1.1350e+07,9.1447e-01,2.7002e-02
1.1749e+07,9.1507e-01,2.6894e-02
1.2162e+07,9.1567e-01,2.6785e-02
1.2589e+07,9.1626e-01,2.6676e-02
1.3032e+07,9.1685e-01,2.6567e-02
1.3490e+07,9.1745e-01,2.6458e-02
1.3964e+07,9.1803e-01,2.6348e-02
1.4454e+07,9.1862e-01,2.6239e-02
1.4962e+07,9.1920e-01,2.6129e-02
1.5488e+07,9.1978e-01,2.6018e-02
1.6032e+07,9.2036e-01,2.5908e-02
1.6596e+07,9.2094e-01,2.5797e-02
1.7179e+07,9.2151e-01,2.5687e-02
1.7783e+07,9.2208e-01,2.5576e-02
1.8408e+07,9.2265e-01,2.5465e-02
1.9055e+07,9.2321e-01,2.5353e-02
1.9724e+07,9.2378e-01,2.5242e-02
2.0417e+07,9.2434e-01,2.5130e-02
2.1135e+07,9.2490e-01,2.5018e-02
2.1878e+07,9.2545e-01,2.4906e-02
2.2646e+07,9.2600e-01,2.4794e-02
2.3442e+07,9.2655e-01,2.4682e-02
2.4266e+07,9.2710e-01,2.4570e-02
2.5119e+07,9.2765e-01,2.4457e-02
2.6002e+07,9.2819e-01,2.4344e-02
2.6915e+07,9.2873e-01,2.4232e-02
2.7861e+07,9.2927e-01,2.4119e-02
2.8840e+07,9.2981e-01,2.4006e-02
2.9854e+07,9.3034e-01,2.3892e-02
3.0903e+07,9.3087e-01,2.3779e-02
3.1989e+07,9.3140e-01,2.3666e-02
3.3113e+07,9.3192e-01,2.3552e-02
3.4277e+07,9.3245e-01,2.3439e-02
3.5481e+07,9.3297e-01,2.3325e-02
3.6728e+07,9.3349e-01,2.3212e-02
3.8019e+07,9.3400e-01,2.3098e-02
3.9355e+07,9.3451e-01,2.2984e-02
4.0738e+07,9.3502e-01,2.2870e-02
4.2170e+07,9.3553e-01,2.2756e-02
4.3652e+07,9.3604e-01,2.2642e-02
4.5186e+07,9.3654e-01,2.2528e-02
4.6774e+07,9.3704e-01,2.2414e-02
4.8417e+07,9.3754e-01,2.2300e-02
5.0119e+07,9.3803e-01,2.2186e-02
5.1880e+07,9.3852e-01,2.2072e-02
5.3703e+07,9.3901e-01,2.1958e-02
5.5590e+07,9.3950e-01,2.1843e-02
5.7544e+07,9.3999e-01,2.1729e-02
5.9566e+07,9.4047e-01,2.1615e-02
6.1660e+07,9.4095e-01,2.1501e-02
6.3826e+07,9.4143e-01,2.1387e-02
6.6069e+07,9.4190e-01,2.1273e-02
6.8391e+07,9.4237e-01,2.1158e-02
7.0795e+07,9.4284e-01,2.1044e-02
7.3282e+07,9.4331e-01,2.0930e-02
7.5858e+07,9.4377e-01,2.0816e-02
7.8524e+07,9.4424e-01,2.0702e-02
8.1283e+07,9.4470e-01,2.0589e-02
8.4140e+07,9.4515e-01,2.0475e-02
8.7096e+07,9.4561e-01,2.0361e-02
9.0157e+07,9.4606e-01,2.0247e-02
9.3325e+07,9.4651e-01,2.0134e-02
9.6605e+07,9.4695e-01,2.0020e-02
1.0000e+08,9.4740e-01,1.9907e-02
1.0351e+08,9.4784e-01,1.9793e-02
1.0715e+08,9.4828e-01,1.9680e-02
1.1092e+08,9.4872e-01,1.9567e-02
1.1482e+08,9.4915e-01,1.9454e-02
1.1885e+08,9.4958e-01,1.9341e-02
1.2303e+08,9.5001e-01,1.9228e-02
1.2735e+08,9.5044e-01,1.9115e-02
1.3183e+08,9.5086e-01,1.9002e-02
1.3646e+08,9.5128e-01,1.8890e-02
1.4125e+08,9.5170e-01,1.8778e-02
1.4622e+08,9.5212e-01,1.8666e-02
1.5136e+08,9.5253e-01,1.8553e-02
1.5668e+08,9.5294e-01,1.8442e-02
1.6218e+08,9.5335e-01,1.8330e-02
1.6788e+08,9.5376e-01,1.8218e-02
1.7378e+08,9.5416e-01,1.8107e-02
1.7989e+08,9.5456e-01,1.7996e-02
1.8621e+08,9.5496e-01,1.7885e-02
1.9275e+08,9.5536e-01,1.7774e-02
1.9953e+08,9.5575e-01,1.7663e-02
2.0654e+08,9.5614e-01,1.7553e-02
2.1380e+08,9.5653e-01,1.7442e-02
2.2131e+08,9.5692e-01,1.7332e-02
2.2909e+08,9.5730e-01,1.7222e-02
2.3714e+08,9.5768e-01,1.7113e-02
2.4547e+08,9.5806e-01,1.7003e-02
2.5410e+08,9.5844e-01,1.6894e-02
2.6303e+08,9.5881e-01,1.6785e-02
2.7227e+08,9.5919e-01,1.6676e-02
2.8184e+08,9.5956e-01,1.6568e-02
2.9174e+08,9.5992e-01,1.6460e-02
3.0200e+08,9.6029e-01,1.6352e-02
3.1261e+08,9.6065e-01,1.6244e-02
3.2359e+08,9.6101e-01,1.6136e-02
3.3497e+08,9.6137e-01,1.6029e-02
3.4674e+08,9.6172e-01,1.5922e-02
3.5892e+08,9.6208e-01,1.5815e-02
3.7154e+08,9.6243e-01,1.5709e-02
3.8459e+08,9.6277e-01,1.5603e-02
3.9811e+08,9.6312e-01,1.5497e-02
4.1210e+08,9.6346e-01,1.5391e-02
4.2658e+08,9.6380e-01,1.5286e-02
4.4157e+08,9.6414e-01,1.5181e-02
4.5709e+08,9.6448e-01,1.5076e-02
4.7315e+08,9.6481e-01,1.4971e-02
4.8978e+08,9.6514e-01,1.4867e-02
5.0699e+08,9.6547e-01,1.4763e-02
5.2481e+08,9.6580e-01,1.4660e-02
5.4325e+08,9.6612e-01,1.4557e-02
5.6234e+08,9.6644e-01,1.4454e-02
5.8210e+08,9.6676e-01,1.4351e-02
6.0256e+08,9.6708e-01,1.4249e-02
6.2373e+08,9.6740e-01,1.4147e-02
6.4565e+08,9.6771e-01,1.4045e-02
6.6834e+08,9.6802e-01,1.3944e-02
6.9183e+08,9.6833e-01,1.3843e-02
7.1614e+08,9.6864e-01,1.3742e-02
7.4131e+08,9.6894e-01,1.3642e-02
7.6736e+08,9.6924e-01,1.3542e-02
7.9433e+08,9.6954e-01,1.3443e-02
8.2224e+08,9.6984e-01,1.3344e-02
8.5114e+08,9.7013e-01,1.3245e-02
8.8105e+08,9.7043e-01,1.3146e-02
9.1201e+08,9.7072e-01,1.3048e-02
9.4406e+08,9.7101e-01,1.2950e-02
9.7724e+08,9.7129e-01,1.2853e-02
1.0116e+09,9.7158e-01,1.2756e-02
1.0471e+09,9.7186e-01,1.2659e-02
1.0839e+09,9.7214e-01,1.2563e-02
1.1220e+09,9.7242e-01,1.2467e-02
1.1614e+09,9.7269e-01,1.2372e-02
1.2023e+09,9.7297e-01,1.2277e-02
1.2445e+09,9.7324e-01,1.2182e-02
1.2882e+09,9.7351e-01,1.2088e-02
1.3335e+09,9.7377e-01,1.1994e-02
1.3804e+09,9.7404e-01,1.1900e-02
1.4289e+09,9.7430e-01,1.1807e-02
1.4791e+09,9.7456e-01,1.1714e-02
1.5311e+09,9.7482e-01,1.1622e-02
1.5849e+09,9.7508e-01,1.1530e-02
1.6406e+09,9.7533e-01,1.1438e-02
1.6982e+09,9.7559e-01,1.1347e-02
1.7579e+09,9.7584e-01,1.1256e-02
1.8197e+09,9.7608e-01,1.1166e-02
1.8836e+09,9.7633e-01,1.1076e-02
1.9498e+09,9.7658e-01,1.0987e-02
2.0184e+09,9.7682e-01,1.0898e-02
2.0893e+09,9.7706e-01,1.0809e-02
2.1627e+09,9.7730e-01,1.0721e-02
2.2387e+09,9.7753e-01,1.0633e-02
2.3174e+09,9.7777e-01,1.0546e-02
2.3988e+09,9.7800e-01,1.0459e-02
2.4831e+09,9.7823e-01,1.0372e-02
2.5704e+09,9.7846e-01,1.0286e-02
2.6607e+09,9.7869e-01,1.0200e-02
2.7542e+09,9.7891e-01,1.0115e-02
2.8510e+09,9.7914e-01,1.0030e-02
2.9512e+09,9.7936e-01,9.9458e-03
3.0549e+09,9.7958e-01,9.8619e-03
3.1623e+09,9.7980e-01,9.7784e-03
3.2734e+09,9.8001e-01,9.6953e-03
3.3884e+09,9.8023e-01,9.6126e-03
3.5075e+09,9.8044e-01,9.5304e-03
3.6308e+09,9.8065e-01,9.4487e-03
3.7584e+09,9.8086e-01,9.3674e-03
3.8905e+09,9.8106e-01,9.2865e-03
4.0272e+09,9.8127e-01,9.2060e-03
4.1687e+09,9.8147e-01,9.1260e-03
4.3152e+09,9.8167e-01,9.0465e-03
4.4668e+09,9.8187e-01,8.9674e-03
4.6238e+09,9.8207e-01,8.8887e-03
4.7863e+09,9.8227e-01,8.8105e-03
4.9545e+09,9.8246e-01,8.7327e-03
5.1286e+09,9.8265e-01,8.6554e-03
5.3088e+09,9.8284e-01,8.5785e-03
5.4954e+09,9.8303e-01,8.5021e-03
5.6885e+09,9.8322e-01,8.4261e-03
5.8884e+09,9.8341e-01,8.3505e-03
6.0954e+09,9.8359e-01,8.2755e-03
6.3096e+09,9.8377e-01,8.2008e-03
6.5313e+09,9.8395e-01,8.1266e-03
6.7608e+09,9.8413e-01,8.0529e-03
6.9984e+09,9.8431e-01,7.9796e-03
7.2444e+09,9.8449e-01,7.9067e-03
7.4989e+09,9.8466e-01,7.8343e-03
7.7625e+09,9.8483e-01,7.7624e-03
8.0353e+09,9.8500e-01,7.6909e-03
8.3176e+09,9.8517e-01,7.6198e-03
8.6099e+09,9.8534e-01,7.5492e-03
8.9125e+09,9.8551e-01,7.4791e-03
9.2257e+09,9.8567e-01,7.4094e-03
9.5499e+09,9.8584e-01,7.3401e-03
9.8855e+09,9.8600e-01,7.2713e-03
1.0233e+10,9.8616e-01,7.2029e-03
1.0593e+10,9.8632e-01,7.1350e-03
1.0965e+10,9.8647e-01,7.0675e-03
1.1350e+10,9.8663e-01,7.0005e-03
1.1749e+10,9.8678e-01,6.9339e-03
1.2162e+10,9.8694e-01,6.8678e-03
1.2589e+10,9.8709e-01,6.8021e-03
1.3032e+10,9.8724e-01,6.7368e-03
1.3490e+10,9.8738e-01,6.6720e-03
1.3964e+10,9.8753e-01,6.6077e-03
1.4454e+10,9.8768e-01,6.5438e-03
1.4962e+10,9.8782e-01,6.4803e-03
1.5488e+10,9.8796e-01,6.4173e-03
1.6032e+10,9.8810e-01,6.3547e-03
1.6596e+10,9.8824e-01,6.2925e-03
1.7179e+10,9.8838e-01,6.2308e-03
1.7783e+10,9.8852e-01,6.1695e-03
1.8408e+10,9.8866e-01,6.1087e-03
1.9055e+10,9.8879e-01,6.0482e-03
1.9724e+10,9.8892e-01,5.9883e-03
2.0417e+10,9.8906e-01,5.9287e-03
2.1135e+10,9.8919e-01,5.8696e-03
2.1878e+10,9.8931e-01,5.8109e-03
2.2646e+10,9.8944e-01,5.7527e-03
2.3442e+10,9.8957e-01,5.6949e-03
2.4266e+10,9.8969e-01,5.6375e-03
2.5119e+10,9.8982e-01,5.5805e-03
2.6002e+10,9.8994e-01,5.5240e-03
2.6915e+10,9.9006e-01,5.4679e-03
2.7861e+10,9.9018e-01,5.4122e-03
2.8840e+10,9.9030e-01,5.3569e-03
2.9854e+10,9.9042e-01,5.3021e-03
3.0903e+10,9.9054e-01,5.2477e-03
3.1989e+10,9.9065e-01,5.1937e-03
3.3113e+10,9.9077e-01,5.1401e-03
3.4277e+10,9.9088e-01,5.0869e-03
3.5481e+10,9.9099e-01,5.0341e-03
3.6728e+10,9.9110e-01,4.9818e-03
3.8019e+10,9.9121e-01,4.9299e-03
3.9355e+10,9.9132e-01,4.8783e-03
4.0738e+10,9.9143e-01,4.8272e-03
4.2170e+10,9.9153e-01,4.7765e-03
4.3652e+10,9.9164e-01,4.7262e-03
4.5186e+10,9.9174e-01,4.6763e-03
4.6774e+10,9.9184e-01,4.6268e-03
4.8417e+10,9.9195e-01,4.5778e-03
5.0119e+10,9.9205e-01,4.5291e-03
5.1880e+10,9.9215e-01,4.4808e-03
5.3703e+10,9.9224e-01,4.4329e-03
5.5590e+10,9.9234e-01,4.3854e-03
5.7544e+10,9.9244e-01,4.3383e-03
5.9566e+10,9.9253e-01,4.2915e-03
6.1660e+10,9.9263e-01,4.2452e-03
6.3826e+10,9.9272e-01,4.1993e-03
6.6069e+10,9.9281e-01,4.1537e-03
6.8391e+10,9.9290e-01,4.1086e-03
7.0795e+10,9.9299e-01,4.0638e-03
7.3282e+10,9.9308e-01,4.0194e-03
7.5858e+10,9.9317e-01,3.9753e-03
7.8524e+10,9.9326e-01,3.9317e-03
8.1283e+10,9.9335e-01,3.8884e-03
8.4140e+10,9.9343e-01,3.8455e-03
8.7096e+10,9.9352e-01,3.8030e-03
9.0157e+10,9.9360e-01,3.7608e-03
9.3325e+10,9.9368e-01,3.7191e-03
9.6605e+10,9.9376e-01,3.6776e-03
1.0000e+11,9.9384e-01,3.6366e-03
