   f   ,G_stor ,G_loss 
  Hz   ,  GPa  ,  GPa  
1.0000e-04,5.8574e-07,9.9652e-05
1.0351e-04,6.1951e-07,1.0315e-04
1.0715e-04,6.5523e-07,1.0676e-04
1.1092e-04,6.9301e-07,1.1051e-04
1.1482e-04,7.3296e-07,1.1438e-04
1.1885e-04,7.7522e-07,1.1839e-04
1.2303e-04,8.1992e-07,1.2254e-04
1.2735e-04,8.6719e-07,1.2684e-04
1.3183e-04,9.1718e-07,1.3128e-04
1.3646e-04,9.7006e-07,1.3588e-04
1.4125e-04,1.0260e-06,1.4064e-04
1.4622e-04,1.0851e-06,1.4557e-04
1.5136e-04,1.1477e-06,1.5067e-04
1.5668e-04,1.2139e-06,1.5595e-04
1.6218e-04,1.2838e-06,1.6142e-04
1.6788e-04,1.3579e-06,1.6707e-04
1.7378e-04,1.4361e-06,1.7293e-04
1.7989e-04,1.5189e-06,1.7898e-04
1.8621e-04,1.6065e-06,1.8525e-04
1.9275e-04,1.6991e-06,1.9174e-04
1.9953e-04,1.7971e-06,1.9846e-04
2.0654e-04,1.9006e-06,2.0541e-04
2.1380e-04,2.0102e-06,2.1260e-04
2.2131e-04,2.1261e-06,2.2005e-04
2.2909e-04,2.2486e-06,2.2775e-04
2.3714e-04,2.3783e-06,2.3572e-04
2.4547e-04,2.5153e-06,2.4397e-04
2.5410e-04,2.6603e-06,2.5251e-04
2.6303e-04,2.8137e-06,2.6135e-04
2.7227e-04,2.9758e-06,2.7050e-04
2.8184e-04,3.1473e-06,2.7996e-04
2.9174e-04,3.3287e-06,2.8976e-04
3.0200e-04,3.5206e-06,2.9990e-04
3.1261e-04,3.7235e-06,3.1039e-04
3.2359e-04,3.9380e-06,3.2125e-04
3.3497e-04,4.1650e-06,3.3248e-04
3.4674e-04,4.4050e-06,3.4411e-04
3.5892e-04,4.6588e-06,3.5614e-04
3.7154e-04,4.9272e-06,3.6860e-04
3.8459e-04,5.2111e-06,3.8148e-04
3.9811e-04,5.5114e-06,3.9482e-04
4.1210e-04,5.8289e-06,4.0862e-04
4.2658e-04,6.1647e-06,4.2290e-04
4.4157e-04,6.5198e-06,4.3768e-04
4.5709e-04,6.8954e-06,4.5297e-04
4.7315e-04,7.2925e-06,4.6879e-04
4.8978e-04,7.7126e-06,4.8517e-04
5.0699e-04,8.1568e-06,5.0211e-04
5.2481e-04,8.6265e-06,5.1965e-04
5.4325e-04,9.1233e-06,5.3779e-04
5.6234e-04,9.6487e-06,5.5656e-04
5.8210e-04,1.0204e-05,5.7599e-04
6.0256e-04,1.0792e-05,5.9609e-04
6.2373e-04,1.1413e-05,6.1689e-04
6.4565e-04,1.2070e-05,6.3842e-04
6.6834e-04,1.2765e-05,6.6069e-04
6.9183e-04,1.3500e-05,6.8373e-04
7.1614e-04,1.4277e-05,7.0757e-04
7.4131e-04,1.5098e-05,7.3224e-04
7.6736e-04,1.5967e-05,7.5776e-04
7.9433e-04,1.6886e-05,7.8417e-04
8.2224e-04,1.7857e-05,8.1150e-04
8.5114e-04,1.8884e-05,8.3977e-04
8.8105e-04,1.9971e-05,8.6902e-04
9.1201e-04,2.1119e-05,8.9928e-04
9.4406e-04,2.2334e-05,9.3059e-04
9.7724e-04,2.3618e-05,9.6298e-04
1.0116e-03,2.4976e-05,9.9649e-04
1.0471e-03,2.6412e-05,1.0312e-03
1.0839e-03,2.7930e-05,1.0670e-03
1.1220e-03,2.9535e-05,1.1041e-03
1.1614e-03,3.1232e-05,1.1425e-03
1.2023e-03,3.3027e-05,1.1822e-03
1.2445e-03,3.4924e-05,1.2233e-03
1.2882e-03,3.6930e-05,1.2658e-03
1.3335e-03,3.9051e-05,1.3098e-03
1.3804e-03,4.1293e-05,1.3553e-03
1.4289e-03,4.3664e-05,1.4023e-03
1.4791e-03,4.6170e-05,1.4510e-03
1.5311e-03,4.8820e-05,1.5013e-03
1.5849e-03,5.1621e-05,1.5534e-03
1.6406e-03,5.4582e-05,1.6072e-03
1.6982e-03,5.7713e-05,1.6630e-03
1.7579e-03,6.1022e-05,1.7206e-03
1.8197e-03,6.4521e-05,1.7802e-03
1.8836e-03,6.8219e-05,1.8418e-03
1.9498e-03,7.2129e-05,1.9055e-03
2.0184e-03,7.6261e-05,1.9715e-03
2.0893e-03,8.0630e-05,2.0397e-03
2.1627e-03,8.5247e-05,2.1102e-03
2.2387e-03,9.0128e-05,2.1831e-03
2.3174e-03,9.5286e-05,2.2585e-03
2.3988e-03,1.0074e-04,2.3365e-03
2.4831e-03,1.0650e-04,2.4172e-03
2.5704e-03,1.1259e-04,2.5006e-03
2.6607e-03,1.1903e-04,2.5868e-03
2.7542e-03,1.2583e-04,2.6759e-03
2.8510e-03,1.3302e-04,2.7681e-03
2.9512e-03,1.4062e-04,2.8635e-03
3.0549e-03,1.4865e-04,2.9620e-03
3.1623e-03,1.5713e-04,3.0639e-03
3.2734e-03,1.6610e-04,3.1693e-03
3.3884e-03,1.7557e-04,3.2782e-03
3.5075e-03,1.8558e-04,3.3908e-03
3.6308e-03,1.9616e-04,3.5071e-03
3.7584e-03,2.0733e-04,3.6275e-03
3.8905e-03,2.1914e-04,3.7518e-03
4.0272e-03,2.3161e-04,3.8804e-03
4.1687e-03,2.4479e-04,4.0132e-03
4.3152e-03,2.5871e-04,4.1505e-03
4.4668e-03,2.7341e-04,4.2925e-03
4.6238e-03,2.8894e-04,4.4391e-03
4.7863e-03,3.0535e-04,4.5907e-03
4.9545e-03,3.2268e-04,4.7474e-03
5.1286e-03,3.4098e-04,4.9092e-03
5.3088e-03,3.6031e-04,5.0765e-03
5.4954e-03,3.8072e-04,5.2493e-03
5.6885e-03,4.0228e-04,5.4278e-03
5.8884e-03,4.2505e-04,5.6123e-03
6.0954e-03,4.4908e-04,5.8028e-03
6.3096e-03,4.7446e-04,5.9997e-03
6.5313e-03,5.0126e-04,6.2030e-03
6.7608e-03,5.2955e-04,6.4131e-03
6.9984e-03,5.5942e-04,6.6300e-03
7.2444e-03,5.9094e-04,6.8541e-03
7.4989e-03,6.2422e-04,7.0854e-03
7.7625e-03,6.5935e-04,7.3244e-03
8.0353e-03,6.9642e-04,7.5711e-03
8.3176e-03,7.3554e-04,7.8258e-03
8.6099e-03,7.7683e-04,8.0888e-03
8.9125e-03,8.2039e-04,8.3603e-03
9.2257e-03,8.6636e-04,8.6406e-03
9.5499e-03,9.1485e-04,8.9299e-03
9.8855e-03,9.6602e-04,9.2284e-03
1.0233e-02,1.0200e-03,9.5366e-03
1.0593e-02,1.0769e-03,9.8546e-03
1.0965e-02,1.1369e-03,1.0183e-02
1.1350e-02,1.2003e-03,1.0521e-02
1.1749e-02,1.2670e-03,1.0870e-02
1.2162e-02,1.3374e-03,1.1231e-02
1.2589e-02,1.4116e-03,1.1602e-02
1.3032e-02,1.4899e-03,1.1986e-02
1.3490e-02,1.5724e-03,1.2381e-02
1.3964e-02,1.6593e-03,1.2788e-02
1.4454e-02,1.7509e-03,1.3209e-02
1.4962e-02,1.8474e-03,1.3642e-02
1.5488e-02,1.9491e-03,1.4088e-02
1.6032e-02,2.0563e-03,1.4548e-02
1.6596e-02,2.1691e-03,1.5023e-02
1.7179e-02,2.2880e-03,1.5511e-02
1.7783e-02,2.4132e-03,1.6015e-02
1.8408e-02,2.5450e-03,1.6533e-02
1.9055e-02,2.6837e-03,1.7067e-02
1.9724e-02,2.8298e-03,1.7617e-02
2.0417e-02,2.9835e-03,1.8183e-02
2.1135e-02,3.1453e-03,1.8766e-02
2.1878e-02,3.3155e-03,1.9366e-02
2.2646e-02,3.4946e-03,1.9983e-02
2.3442e-02,3.6829e-03,2.0619e-02
2.4266e-02,3.8810e-03,2.1272e-02
2.5119e-02,4.0892e-03,2.1944e-02
2.6002e-02,4.3081e-03,2.2636e-02
2.6915e-02,4.5382e-03,2.3346e-02
2.7861e-02,4.7801e-03,2.4077e-02
2.8840e-02,5.0341e-03,2.4828e-02
2.9854e-02,5.3010e-03,2.5599e-02
3.0903e-02,5.5813e-03,2.6392e-02
3.1989e-02,5.8755e-03,2.7206e-02
3.3113e-02,6.1845e-03,2.8041e-02
3.4277e-02,6.5087e-03,2.8899e-02
3.5481e-02,6.8489e-03,2.9779e-02
3.6728e-02,7.2058e-03,3.0683e-02
3.8019e-02,7.5801e-03,3.1609e-02
3.9355e-02,7.9726e-03,3.2559e-02
4.0738e-02,8.3839e-03,3.3533e-02
4.2170e-02,8.8150e-03,3.4531e-02
4.3652e-02,9.2667e-03,3.5554e-02
4.5186e-02,9.7397e-03,3.6601e-02
4.6774e-02,1.0235e-02,3.7674e-02
4.8417e-02,1.0753e-02,3.8771e-02
5.0119e-02,1.1296e-02,3.9894e-02
5.1880e-02,1.1864e-02,4.1043e-02
5.3703e-02,1.2457e-02,4.2217e-02
5.5590e-02,1.3078e-02,4.3418e-02
5.7544e-02,1.3726e-02,4.4644e-02
5.9566e-02,1.4403e-02,4.5897e-02
6.1660e-02,1.5111e-02,4.7176e-02
6.3826e-02,1.5849e-02,4.8480e-02
6.6069e-02,1.6620e-02,4.9812e-02
6.8391e-02,1.7424e-02,5.1169e-02
7.0795e-02,1.8263e-02,5.2552e-02
7.3282e-02,1.9137e-02,5.3960e-02
7.5858e-02,2.0047e-02,5.5395e-02
7.8524e-02,2.0996e-02,5.6855e-02
8.1283e-02,2.1983e-02,5.8339e-02
8.4140e-02,2.3010e-02,5.9849e-02
8.7096e-02,2.4079e-02,6.1383e-02
9.0157e-02,2.5190e-02,6.2941e-02
9.3325e-02,2.6345e-02,6.4522e-02
9.6605e-02,2.7544e-02,6.6126e-02
1.0000e-01,2.8789e-02,6.7753e-02
1.0351e-01,3.0082e-02,6.9401e-02
1.0715e-01,3.1422e-02,7.1070e-02
1.1092e-01,3.2811e-02,7.2759e-02
1.1482e-01,3.4251e-02,7.4467e-02
1.1885e-01,3.5742e-02,7.6194e-02
1.2303e-01,3.7285e-02,7.7938e-02
1.2735e-01,3.8882e-02,7.9699e-02
1.3183e-01,4.0533e-02,8.1476e-02
1.3646e-01,4.2239e-02,8.3266e-02
1.4125e-01,4.4001e-02,8.5070e-02
1.4622e-01,4.5820e-02,8.6886e-02
1.5136e-01,4.7696e-02,8.8712e-02
1.5668e-01,4.9631e-02,9.0548e-02
1.6218e-01,5.1624e-02,9.2392e-02
1.6788e-01,5.3678e-02,9.4243e-02
1.7378e-01,5.5791e-02,9.6099e-02
1.7989e-01,5.7965e-02,9.7958e-02
1.8621e-01,6.0199e-02,9.9820e-02
1.9275e-01,6.2495e-02,1.0168e-01
1.9953e-01,6.4853e-02,1.0354e-01
2.0654e-01,6.7272e-02,1.0540e-01
2.1380e-01,6.9752e-02,1.0726e-01
2.2131e-01,7.2295e-02,1.0911e-01
2.2909e-01,7.4899e-02,1.1095e-01
2.3714e-01,7.7564e-02,1.1278e-01
2.4547e-01,8.0291e-02,1.1461e-01
2.5410e-01,8.3079e-02,1.1642e-01
2.6303e-01,8.5927e-02,1.1821e-01
2.7227e-01,8.8835e-02,1.2000e-01
2.8184e-01,9.1803e-02,1.2176e-01
2.9174e-01,9.4830e-02,1.2351e-01
3.0200e-01,9.7914e-02,1.2523e-01
3.1261e-01,1.0106e-01,1.2694e-01
3.2359e-01,1.0425e-01,1.2862e-01
3.3497e-01,1.0751e-01,1.3027e-01
3.4674e-01,1.1081e-01,1.3191e-01
3.5892e-01,1.1418e-01,1.3351e-01
3.7154e-01,1.1759e-01,1.3509e-01
3.8459e-01,1.2105e-01,1.3663e-01
3.9811e-01,1.2457e-01,1.3815e-01
4.1210e-01,1.2813e-01,1.3963e-01
4.2658e-01,1.3174e-01,1.4108e-01
4.4157e-01,1.3539e-01,1.4250e-01
4.5709e-01,1.3909e-01,1.4388e-01
4.7315e-01,1.4283e-01,1.4522e-01
4.8978e-01,1.4661e-01,1.4653e-01
5.0699e-01,1.5043e-01,1.4780e-01
5.2481e-01,1.5429e-01,1.4904e-01
5.4325e-01,1.5819e-01,1.5024e-01
5.6234e-01,1.6212e-01,1.5139e-01
5.8210e-01,1.6608e-01,1.5251e-01
6.0256e-01,1.7007e-01,1.5359e-01
6.2373e-01,1.7410e-01,1.5463e-01
6.4565e-01,1.7815e-01,1.5563e-01
6.6834e-01,1.8223e-01,1.5659e-01
6.9183e-01,1.8633e-01,1.5751e-01
7.1614e-01,1.9046e-01,1.5839e-01
7.4131e-01,1.9460e-01,1.5922e-01
7.6736e-01,1.9877e-01,1.6002e-01
7.9433e-01,2.0296e-01,1.6078e-01
8.2224e-01,2.0716e-01,1.6150e-01
8.5114e-01,2.1138e-01,1.6218e-01
8.8105e-01,2.1562e-01,1.6282e-01
9.1201e-01,2.1987e-01,1.6342e-01
9.4406e-01,2.2412e-01,1.6399e-01
9.7724e-01,2.2839e-01,1.6451e-01
1.0116e+00,2.3267e-01,1.6500e-01
1.0471e+00,2.3696e-01,1.6545e-01
1.0839e+00,2.4125e-01,1.6587e-01
1.1220e+00,2.4554e-01,1.6625e-01
1.1614e+00,2.4984e-01,1.6659e-01
1.2023e+00,2.5415e-01,1.6690e-01
1.2445e+00,2.5845e-01,1.6718e-01
1.2882e+00,2.6276e-01,1.6742e-01
1.3335e+00,2.6706e-01,1.6763e-01
1.3804e+00,2.7137e-01,1.6781e-01
1.4289e+00,2.7567e-01,1.6795e-01
1.4791e+00,2.7997e-01,1.6807e-01
1.5311e+00,2.8427e-01,1.6816e-01
1.5849e+00,2.8856e-01,1.6822e-01
1.6406e+00,2.9284e-01,1.6824e-01
1.6982e+00,2.9712e-01,1.6825e-01
1.7579e+00,3.0140e-01,1.6822e-01
1.8197e+00,3.0566e-01,1.6817e-01
1.8836e+00,3.0992e-01,1.6809e-01
1.9498e+00,3.1417e-01,1.6799e-01
2.0184e+00,3.1841e-01,1.6787e-01
2.0893e+00,3.2264e-01,1.6772e-01
2.1627e+00,3.2686e-01,1.6755e-01
2.2387e+00,3.3107e-01,1.6735e-01
2.3174e+00,3.3526e-01,1.6714e-01
2.3988e+00,3.3945e-01,1.6691e-01
2.4831e+00,3.4362e-01,1.6665e-01
2.5704e+00,3.4779e-01,1.6638e-01
2.6607e+00,3.5194e-01,1.6608e-01
2.7542e+00,3.5607e-01,1.6577e-01
2.8510e+00,3.6019e-01,1.6544e-01
2.9512e+00,3.6430e-01,1.6510e-01
3.0549e+00,3.6840e-01,1.6473e-01
3.1623e+00,3.7248e-01,1.6436e-01
3.2734e+00,3.7655e-01,1.6396e-01
3.3884e+00,3.8060e-01,1.6355e-01
3.5075e+00,3.8464e-01,1.6313e-01
3.6308e+00,3.8866e-01,1.6270e-01
3.7584e+00,3.9267e-01,1.6225e-01
3.8905e+00,3.9666e-01,1.6178e-01
4.0272e+00,4.0064e-01,1.6131e-01
4.1687e+00,4.0460e-01,1.6082e-01
4.3152e+00,4.0854e-01,1.6033e-01
4.4668e+00,4.1247e-01,1.5982e-01
4.6238e+00,4.1638e-01,1.5930e-01
4.7863e+00,4.2028e-01,1.5877e-01
4.9545e+00,4.2416e-01,1.5823e-01
5.1286e+00,4.2803e-01,1.5768e-01
5.3088e+00,4.3187e-01,1.5712e-01
5.4954e+00,4.3570e-01,1.5655e-01
5.6885e+00,4.3952e-01,1.5598e-01
5.8884e+00,4.4331e-01,1.5540e-01
6.0954e+00,4.4709e-01,1.5480e-01
6.3096e+00,4.5086e-01,1.5421e-01
6.5313e+00,4.5460e-01,1.5360e-01
6.7608e+00,4.5833e-01,1.5299e-01
6.9984e+00,4.6205e-01,1.5237e-01
7.2444e+00,4.6574e-01,1.5174e-01
7.4989e+00,4.6942e-01,1.5111e-01
7.7625e+00,4.7308e-01,1.5047e-01
8.0353e+00,4.7672e-01,1.4983e-01
8.3176e+00,4.8035e-01,1.4918e-01
8.6099e+00,4.8396e-01,1.4852e-01
8.9125e+00,4.8755e-01,1.4786e-01
9.2257e+00,4.9112e-01,1.4720e-01
9.5499e+00,4.9467e-01,1.4653e-01
9.8855e+00,4.9821e-01,1.4586e-01
1.0233e+01,5.0173e-01,1.4518e-01
1.0593e+01,5.0524e-01,1.4450e-01
1.0965e+01,5.0872e-01,1.4382e-01
1.1350e+01,5.1219e-01,1.4313e-01
1.1749e+01,5.1564e-01,1.4244e-01
1.2162e+01,5.1907e-01,1.4174e-01
1.2589e+01,5.2248e-01,1.4104e-01
1.3032e+01,5.2588e-01,1.4034e-01
1.3490e+01,5.2925e-01,1.3964e-01
1.3964e+01,5.3261e-01,1.3893e-01
1.4454e+01,5.3595e-01,1.3822e-01
1.4962e+01,5.3928e-01,1.3751e-01
1.5488e+01,5.4258e-01,1.3680e-01
1.6032e+01,5.4587e-01,1.3608e-01
1.6596e+01,5.4914e-01,1.3536e-01
1.7179e+01,5.5239e-01,1.3464e-01
1.7783e+01,5.5562e-01,1.3392e-01
1.8408e+01,5.5884e-01,1.3320e-01
1.9055e+01,5.6203e-01,1.3248e-01
1.9724e+01,5.6521e-01,1.3175e-01
2.0417e+01,5.6837e-01,1.3103e-01
2.1135e+01,5.7151e-01,1.3030e-01
2.1878e+01,5.7464e-01,1.2957e-01
2.2646e+01,5.7774e-01,1.2884e-01
2.3442e+01,5.8083e-01,1.2811e-01
2.4266e+01,5.8390e-01,1.2738e-01
2.5119e+01,5.8695e-01,1.2665e-01
2.6002e+01,5.8998e-01,1.2592e-01
2.6915e+01,5.9299e-01,1.2519e-01
2.7861e+01,5.9599e-01,1.2446e-01
2.8840e+01,5.9897e-01,1.2372e-01
2.9854e+01,6.0192e-01,1.2299e-01
3.0903e+01,6.0486e-01,1.2226e-01
3.1989e+01,6.0779e-01,1.2153e-01
3.3113e+01,6.1069e-01,1.2080e-01
3.4277e+01,6.1358e-01,1.2007e-01
3.5481e+01,6.1644e-01,1.1934e-01
3.6728e+01,6.1929e-01,1.1861e-01
3.8019e+01,6.2213e-01,1.1788e-01
3.9355e+01,6.2494e-01,1.1715e-01
4.0738e+01,6.2773e-01,1.1643e-01
4.2170e+01,6.3051e-01,1.1570e-01
4.3652e+01,6.3327e-01,1.1497e-01
4.5186e+01,6.3601e-01,1.1425e-01
4.6774e+01,6.3873e-01,1.1353e-01
4.8417e+01,6.4144e-01,1.1281e-01
5.0119e+01,6.4412e-01,1.1209e-01
5.1880e+01,6.4679e-01,1.1137e-01
5.3703e+01,6.4944e-01,1.1065e-01
5.5590e+01,6.5207e-01,1.0994e-01
5.7544e+01,6.5469e-01,1.0922e-01
5.9566e+01,6.5729e-01,1.0851e-01
6.1660e+01,6.5986e-01,1.0780e-01
6.3826e+01,6.6243e-01,1.0709e-01
6.6069e+01,6.6497e-01,1.0639e-01
6.8391e+01,6.6750e-01,1.0568e-01
7.0795e+01,6.7000e-01,1.0498e-01
7.3282e+01,6.7249e-01,1.0428e-01
7.5858e+01,6.7497e-01,1.0359e-01
7.8524e+01,6.7742e-01,1.0289e-01
8.1283e+01,6.7986e-01,1.0220e-01
8.4140e+01,6.8228e-01,1.0151e-01
8.7096e+01,6.8469e-01,1.0082e-01
9.0157e+01,6.8707e-01,1.0014e-01
9.3325e+01,6.8944e-01,9.9455e-02
9.6605e+01,6.9180e-01,9.8776e-02
1.0000e+02,6.9413e-01,9.8100e-02
1.0351e+02,6.9645e-01,9.7426e-02
1.0715e+02,6.9875e-01,9.6755e-02
1.1092e+02,7.0104e-01,9.6088e-02
1.1482e+02,7.0331e-01,9.5423e-02
1.1885e+02,7.0556e-01,9.4762e-02
1.2303e+02,7.0779e-01,9.4103e-02
1.2735e+02,7.1001e-01,9.3448e-02
1.3183e+02,7.1221e-01,9.2796e-02
1.3646e+02,7.1440e-01,9.2147e-02
1.4125e+02,7.1657e-01,9.1502e-02
1.4622e+02,7.1872e-01,9.0860e-02
1.5136e+02,7.2086e-01,9.0221e-02
1.5668e+02,7.2298e-01,8.9586e-02
1.6218e+02,7.2509e-01,8.8954e-02
1.6788e+02,7.2718e-01,8.8326e-02
1.7378e+02,7.2925e-01,8.7701e-02
1.7989e+02,7.3131e-01,8.7080e-02
1.8621e+02,7.3336e-01,8.6463e-02
1.9275e+02,7.3539e-01,8.5849e-02
1.9953e+02,7.3740e-01,8.5239e-02
2.0654e+02,7.3940e-01,8.4633e-02
2.1380e+02,7.4138e-01,8.4031e-02
2.2131e+02,7.4335e-01,8.3432e-02
2.2909e+02,7.4530e-01,8.2837e-02
2.3714e+02,7.4724e-01,8.2246e-02
2.4547e+02,7.4916e-01,8.1659e-02
2.5410e+02,7.5107e-01,8.1076e-02
2.6303e+02,7.5296e-01,8.0497e-02
2.7227e+02,7.5484e-01,7.9921e-02
2.8184e+02,7.5671e-01,7.9350e-02
2.9174e+02,7.5856e-01,7.8783e-02
3.0200e+02,7.6039e-01,7.8219e-02
3.1261e+02,7.6222e-01,7.7660e-02
3.2359e+02,7.6403e-01,7.7105e-02
3.3497e+02,7.6582e-01,7.6553e-02
3.4674e+02,7.6760e-01,7.6006e-02
3.5892e+02,7.6937e-01,7.5463e-02
3.7154e+02,7.7113e-01,7.4924e-02
3.8459e+02,7.7287e-01,7.4388e-02
3.9811e+02,7.7460e-01,7.3857e-02
4.1210e+02,7.7631e-01,7.3331e-02
4.2658e+02,7.7801e-01,7.2808e-02
4.4157e+02,7.7970e-01,7.2289e-02
4.5709e+02,7.8138e-01,7.1774e-02
4.7315e+02,7.8304e-01,7.1264e-02
4.8978e+02,7.8469e-01,7.0757e-02
5.0699e+02,7.8633e-01,7.0255e-02
5.2481e+02,7.8796e-01,6.9757e-02
5.4325e+02,7.8957e-01,6.9263e-02
5.6234e+02,7.9117e-01,6.8772e-02
5.8210e+02,7.9276e-01,6.8286e-02
6.0256e+02,7.9434e-01,6.7804e-02
6.2373e+02,7.9591e-01,6.7327e-02
6.4565e+02,7.9746e-01,6.6853e-02
6.6834e+02,7.9900e-01,6.6383e-02
6.9183e+02,8.0053e-01,6.5917e-02
7.1614e+02,8.0205e-01,6.5455e-02
7.4131e+02,8.0356e-01,6.4998e-02
7.6736e+02,8.0506e-01,6.4544e-02
7.9433e+02,8.0654e-01,6.4094e-02
8.2224e+02,8.0802e-01,6.3648e-02
8.5114e+02,8.0948e-01,6.3206e-02
8.8105e+02,8.1094e-01,6.2768e-02
9.1201e+02,8.1238e-01,6.2334e-02
9.4406e+02,8.1381e-01,6.1904e-02
9.7724e+02,8.1523e-01,6.1478e-02
1.0116e+03,8.1664e-01,6.1055e-02
1.0471e+03,8.1804e-01,6.0637e-02
1.0839e+03,8.1944e-01,6.0222e-02
1.1220e+03,8.2082e-01,5.9811e-02
1.1614e+03,8.2219e-01,5.9404e-02
1.2023e+03,8.2355e-01,5.9000e-02
1.2445e+03,8.2490e-01,5.8600e-02
1.2882e+03,8.2624e-01,5.8204e-02
1.3335e+03,8.2757e-01,5.7812e-02
1.3804e+03,8.2889e-01,5.7423e-02
1.4289e+03,8.3021e-01,5.7038e-02
1.4791e+03,8.3151e-01,5.6656e-02
1.5311e+03,8.3281e-01,5.6278e-02
1.5849e+03,8.3409e-01,5.5903e-02
1.6406e+03,8.3537e-01,5.5532e-02
1.6982e+03,8.3663e-01,5.5164e-02
1.7579e+03,8.3789e-01,5.4800e-02
1.8197e+03,8.3914e-01,5.4439e-02
1.8836e+03,8.4038e-01,5.4082e-02
1.9498e+03,8.4162e-01,5.3728e-02
2.0184e+03,8.4284e-01,5.3377e-02
2.0893e+03,8.4406e-01,5.3029e-02
2.1627e+03,8.4526e-01,5.2685e-02
2.2387e+03,8.4646e-01,5.2344e-02
2.3174e+03,8.4765e-01,5.2006e-02
2.3988e+03,8.4883e-01,5.1671e-02
2.4831e+03,8.5001e-01,5.1339e-02
2.5704e+03,8.5118e-01,5.1011e-02
2.6607e+03,8.5233e-01,5.0685e-02
2.7542e+03,8.5349e-01,5.0363e-02
2.8510e+03,8.5463e-01,5.0043e-02
2.9512e+03,8.5577e-01,4.9726e-02
3.0549e+03,8.5689e-01,4.9412e-02
3.1623e+03,8.5801e-01,4.9102e-02
3.2734e+03,8.5913e-01,4.8793e-02
3.3884e+03,8.6023e-01,4.8488e-02
3.5075e+03,8.6133e-01,4.8186e-02
3.6308e+03,8.6242e-01,4.7886e-02
3.7584e+03,8.6351e-01,4.7589e-02
3.8905e+03,8.6459e-01,4.7294e-02
4.0272e+03,8.6566e-01,4.7002e-02
4.1687e+03,8.6672e-01,4.6713e-02
4.3152e+03,8.6778e-01,4.6426e-02
4.4668e+03,8.6883e-01,4.6142e-02
4.6238e+03,8.6987e-01,4.5860e-02
4.7863e+03,8.7091e-01,4.5581e-02
4.9545e+03,8.7194e-01,4.5304e-02
5.1286e+03,8.7296e-01,4.5029e-02
5.3088e+03,8.7398e-01,4.4757e-02
5.4954e+03,8.7499e-01,4.4487e-02
5.6885e+03,8.7599e-01,4.4219e-02
5.8884e+03,8.7699e-01,4.3953e-02
6.0954e+03,8.7798e-01,4.3690e-02
6.3096e+03,8.7897e-01,4.3429e-02
6.5313e+03,8.7995e-01,4.3169e-02
6.7608e+03,8.8092e-01,4.2912e-02
6.9984e+03,8.8189e-01,4.2657e-02
7.2444e+03,8.8285e-01,4.2404e-02
7.4989e+03,8.8381e-01,4.2153e-02
7.7625e+03,8.8476e-01,4.1904e-02
8.0353e+03,8.8570e-01,4.1657e-02
8.3176e+03,8.8664e-01,4.1412e-02
8.6099e+03,8.8757e-01,4.1168e-02
8.9125e+03,8.8850e-01,4.0927e-02
9.2257e+03,8.8942e-01,4.0687e-02
9.5499e+03,8.9034e-01,4.0448e-02
9.8855e+03,8.9125e-01,4.0212e-02
1.0233e+04,8.9215e-01,3.9977e-02
1.0593e+04,8.9305e-01,3.9744e-02
1.0965e+04,8.9394e-01,3.9512e-02
1.1350e+04,8.9483e-01,3.9282e-02
1.1749e+04,8.9571e-01,3.9054e-02
1.2162e+04,8.9659e-01,3.8827e-02
1.2589e+04,8.9746e-01,3.8601e-02
1.3032e+04,8.9833e-01,3.8377e-02
1.3490e+04,8.9919e-01,3.8155e-02
1.3964e+04,9.0005e-01,3.7933e-02
1.4454e+04,9.0090e-01,3.7714e-02
1.4962e+04,9.0175e-01,3.7495e-02
1.5488e+04,9.0259e-01,3.7278e-02
1.6032e+04,9.0343e-01,3.7062e-02
1.6596e+04,9.0426e-01,3.6847e-02
1.7179e+04,9.0509e-01,3.6634e-02
1.7783e+04,9.0591e-01,3.6421e-02
1.8408e+04,9.0673e-01,3.6210e-02
1.9055e+04,9.0754e-01,3.6000e-02
1.9724e+04,9.0834e-01,3.5791e-02
2.0417e+04,9.0915e-01,3.5583e-02
2.1135e+04,9.0995e-01,3.5377e-02
2.1878e+04,9.1074e-01,3.5171e-02
2.2646e+04,9.1153e-01,3.4966e-02
2.3442e+04,9.1231e-01,3.4762e-02
2.4266e+04,9.1309e-01,3.4560e-02
2.5119e+04,9.1386e-01,3.4358e-02
2.6002e+04,9.1463e-01,3.4157e-02
2.6915e+04,9.1540e-01,3.3957e-02
2.7861e+04,9.1616e-01,3.3758e-02
2.8840e+04,9.1692e-01,3.3560e-02
2.9854e+04,9.1767e-01,3.3362e-02
3.0903e+04,9.1841e-01,3.3166e-02
3.1989e+04,9.1916e-01,3.2970e-02
3.3113e+04,9.1989e-01,3.2775e-02
3.4277e+04,9.2063e-01,3.2580e-02
3.5481e+04,9.2136e-01,3.2387e-02
3.6728e+04,9.2208e-01,3.2194e-02
3.8019e+04,9.2280e-01,3.2002e-02
3.9355e+04,9.2352e-01,3.1810e-02
4.0738e+04,9.2423e-01,3.1619e-02
4.2170e+04,9.2494e-01,3.1429e-02
4.3652e+04,9.2564e-01,3.1240e-02
4.5186e+04,9.2634e-01,3.1051e-02
4.6774e+04,9.2703e-01,3.0862e-02
4.8417e+04,9.2772e-01,3.0675e-02
5.0119e+04,9.2841e-01,3.0488e-02
5.1880e+04,9.2909e-01,3.0301e-02
5.3703e+04,9.2977e-01,3.0115e-02
5.5590e+04,9.3044e-01,2.9929e-02
5.7544e+04,9.3111e-01,2.9744e-02
5.9566e+04,9.3177e-01,2.9560e-02
6.1660e+04,9.3244e-01,2.9376e-02
6.3826e+04,9.3309e-01,2.9192e-02
6.6069e+04,9.3374e-01,2.9009e-02
6.8391e+04,9.3439e-01,2.8827e-02
7.0795e+04,9.3504e-01,2.8644e-02
7.3282e+04,9.3568e-01,2.8463e-02
7.5858e+04,9.3631e-01,2.8281e-02
7.8524e+04,9.3694e-01,2.8101e-02
8.1283e+04,9.3757e-01,2.7920e-02
8.4140e+04,9.3819e-01,2.7740e-02
8.7096e+04,9.3881e-01,2.7560e-02
9.0157e+04,9.3943e-01,2.7381e-02
9.3325e+04,9.4004e-01,2.7202e-02
9.6605e+04,9.4065e-01,2.7024e-02
1.0000e+05,9.4125e-01,2.6846e-02
1.0351e+05,9.4185e-01,2.6668e-02
1.0715e+05,9.4245e-01,2.6491e-02
1.1092e+05,9.4304e-01,2.6314e-02
1.1482e+05,9.4362e-01,2.6137e-02
1.1885e+05,9.4421e-01,2.5961e-02
1.2303e+05,9.4479e-01,2.5785e-02
1.2735e+05,9.4536e-01,2.5609e-02
1.3183e+05,9.4593e-01,2.5434e-02
1.3646e+05,9.4650e-01,2.5259e-02
1.4125e+05,9.4706e-01,2.5085e-02
1.4622e+05,9.4762e-01,2.4910e-02
1.5136e+05,9.4818e-01,2.4736e-02
1.5668e+05,9.4873e-01,2.4563e-02
1.6218e+05,9.4928e-01,2.4390e-02
1.6788e+05,9.4982e-01,2.4217e-02
1.7378e+05,9.5036e-01,2.4044e-02
1.7989e+05,9.5090e-01,2.3872e-02
1.8621e+05,9.5143e-01,2.3700e-02
1.9275e+05,9.5196e-01,2.3528e-02
1.9953e+05,9.5248e-01,2.3357e-02
2.0654e+05,9.5300e-01,2.3186e-02
2.1380e+05,9.5352e-01,2.3016e-02
2.2131e+05,9.5403e-01,2.2845e-02
2.2909e+05,9.5454e-01,2.2675e-02
2.3714e+05,9.5505e-01,2.2506e-02
2.4547e+05,9.5555e-01,2.2337e-02
2.5410e+05,9.5605e-01,2.2168e-02
2.6303e+05,9.5654e-01,2.1999e-02
2.7227e+05,9.5703e-01,2.1831e-02
2.8184e+05,9.5752e-01,2.1663e-02
2.9174e+05,9.5800e-01,2.1496e-02
3.0200e+05,9.5848e-01,2.1329e-02
3.1261e+05,9.5895e-01,2.1162e-02
3.2359e+05,9.5942e-01,2.0996e-02
3.3497e+05,9.5989e-01,2.0830e-02
3.4674e+05,9.6035e-01,2.0664e-02
3.5892e+05,9.6081e-01,2.0499e-02
3.7154e+05,9.6127e-01,2.0334e-02
3.8459e+05,9.6172e-01,2.0170e-02
3.9811e+05,9.6217e-01,2.0006e-02
4.1210e+05,9.6262e-01,1.9842e-02
4.2658e+05,9.6306e-01,1.9679e-02
4.4157e+05,9.6350e-01,1.9516e-02
4.5709e+05,9.6393e-01,1.9354e-02
4.7315e+05,9.6436e-01,1.9192e-02
4.8978e+05,9.6479e-01,1.9030e-02
5.0699e+05,9.6521e-01,1.8869e-02
5.2481e+05,9.6563e-01,1.8709e-02
5.4325e+05,9.6605e-01,1.8549e-02
5.6234e+05,9.6646e-01,1.8389e-02
5.8210e+05,9.6687e-01,1.8230e-02
6.0256e+05,9.6727e-01,1.8071e-02
6.2373e+05,9.6768e-01,1.7913e-02
6.4565e+05,9.6807e-01,1.7755e-02
6.6834e+05,9.6847e-01,1.7598e-02
6.9183e+05,9.6886e-01,1.7441e-02
7.1614e+05,9.6925e-01,1.7285e-02
7.4131e+05,9.6963e-01,1.7129e-02
7.6736e+05,9.7001e-01,1.6974e-02
7.9433e+05,9.7039e-01,1.6820e-02
8.2224e+05,9.7076e-01,1.6666e-02
8.5114e+05,9.7113e-01,1.6512e-02
8.8105e+05,9.7150e-01,1.6359e-02
9.1201e+05,9.7186e-01,1.6207e-02
9.4406e+05,9.7222e-01,1.6055e-02
9.7724e+05,9.7258e-01,1.5904e-02
1.0116e+06,9.7293e-01,1.5753e-02
1.0471e+06,9.7328e-01,1.5603e-02
1.0839e+06,9.7363e-01,1.5454e-02
1.1220e+06,9.7397e-01,1.5305e-02
1.1614e+06,9.7431e-01,1.5157e-02
1.2023e+06,9.7465e-01,1.5009e-02
1.2445e+06,9.7498e-01,1.4862e-02
1.2882e+06,9.7531e-01,1.4716e-02
1.3335e+06,9.7564e-01,1.4570e-02
1.3804e+06,9.7596e-01,1.4425e-02
1.4289e+06,9.7628e-01,1.4281e-02
1.4791e+06,9.7660e-01,1.4137e-02
1.5311e+06,9.7691e-01,1.3994e-02
1.5849e+06,9.7722e-01,1.3852e-02
1.6406e+06,9.7753e-01,1.3710e-02
1.6982e+06,9.7783e-01,1.3569e-02
1.7579e+06,9.7813e-01,1.3429e-02
1.8197e+06,9.7843e-01,1.3289e-02
1.8836e+06,9.7872e-01,1.3151e-02
1.9498e+06,9.7902e-01,1.3013e-02
2.0184e+06,9.7930e-01,1.2875e-02
2.0893e+06,9.7959e-01,1.2739e-02
2.1627e+06,9.7987e-01,1.2603e-02
2.2387e+06,9.8015e-01,1.2468e-02
2.3174e+06,9.8043e-01,1.2333e-02
2.3988e+06,9.8070e-01,1.2200e-02
2.4831e+06,9.8097e-01,1.2067e-02
2.5704e+06,9.8124e-01,1.1935e-02
2.6607e+06,9.8150e-01,1.1804e-02
2.7542e+06,9.8176e-01,1.1673e-02
2.8510e+06,9.8202e-01,1.1543e-02
2.9512e+06,9.8228e-01,1.1414e-02
3.0549e+06,9.8253e-01,1.1286e-02
3.1623e+06,9.8278e-01,1.1159e-02
3.2734e+06,9.8303e-01,1.1032e-02
3.3884e+06,9.8327e-01,1.0907e-02
3.5075e+06,9.8351e-01,1.0782e-02
3.6308e+06,9.8375e-01,1.0658e-02
3.7584e+06,9.8399e-01,1.0535e-02
3.8905e+06,9.8422e-01,1.0412e-02
4.0272e+06,9.8445e-01,1.0291e-02
4.1687e+06,9.8468e-01,1.0170e-02
4.3152e+06,9.8490e-01,1.0050e-02
4.4668e+06,9.8512e-01,9.9310e-03
4.6238e+06,9.8534e-01,9.8129e-03
4.7863e+06,9.8556e-01,9.6955e-03
4.9545e+06,9.8577e-01,9.5790e-03
5.1286e+06,9.8598e-01,9.4634e-03
5.3088e+06,9.8619e-01,9.3487e-03
5.4954e+06,9.8640e-01,9.2348e-03
5.6885e+06,9.8660e-01,9.1217e-03
5.8884e+06,9.8681e-01,9.0096e-03
6.0954e+06,9.8700e-01,8.8983e-03
6.3096e+06,9.8720e-01,8.7879e-03
6.5313e+06,9.8740e-01,8.6783e-03
6.7608e+06,9.8759e-01,8.5696e-03
6.9984e+06,9.8778e-01,8.4619e-03
7.2444e+06,9.8796e-01,8.3550e-03
7.4989e+06,9.8815e-01,8.2489e-03
7.7625e+06,9.8833e-01,8.1438e-03
8.0353e+06,9.8851e-01,8.0395e-03
8.3176e+06,9.8869e-01,7.9361e-03
8.6099e+06,9.8886e-01,7.8336e-03
8.9125e+06,9.8903e-01,7.7320e-03
9.2257e+06,9.8920e-01,7.6313e-03
9.5499e+06,9.8937e-01,7.5315e-03
9.8855e+06,9.8954e-01,7.4325e-03
1.0233e+07,9.8970e-01,7.3345e-03
1.0593e+07,9.8986e-01,7.2373e-03
1.0965e+07,9.9002e-01,7.1410e-03
1.1350e+07,9.9018e-01,7.0456e-03
1.1749e+07,9.9034e-01,6.9511e-03
1.2162e+07,9.9049e-01,6.8574e-03
1.2589e+07,9.9064e-01,6.7647e-03
1.3032e+07,9.9079e-01,6.6728e-03
1.3490e+07,9.9094e-01,6.5818e-03
1.3964e+07,9.9108e-01,6.4917e-03
1.4454e+07,9.9122e-01,6.4025e-03
1.4962e+07,9.9136e-01,6.3141e-03
1.5488e+07,9.9150e-01,6.2266e-03
1.6032e+07,9.9164e-01,6.1400e-03
1.6596e+07,9.9178e-01,6.0543e-03
1.7179e+07,9.9191e-01,5.9694e-03
1.7783e+07,9.9204e-01,5.8854e-03
1.8408e+07,9.9217e-01,5.8023e-03
1.9055e+07,9.9230e-01,5.7200e-03
1.9724e+07,9.9242e-01,5.6386e-03
2.0417e+07,9.9255e-01,5.5580e-03
2.1135e+07,9.9267e-01,5.4783e-03
2.1878e+07,9.9279e-01,5.3995e-03
2.2646e+07,9.9291e-01,5.3215e-03
2.3442e+07,9.9303e-01,5.2443e-03
2.4266e+07,9.9314e-01,5.1680e-03
2.5119e+07,9.9325e-01,5.0925e-03
2.6002e+07,9.9337e-01,5.0179e-03
2.6915e+07,9.9348e-01,4.9441e-03
2.7861e+07,9.9359e-01,4.8711e-03
2.8840e+07,9.9369e-01,4.7990e-03
2.9854e+07,9.9380e-01,4.7276e-03
3.0903e+07,9.9390e-01,4.6571e-03
3.1989e+07,9.9400e-01,4.5874e-03
3.3113e+07,9.9410e-01,4.5185e-03
3.4277e+07,9.9420e-01,4.4504e-03
3.5481e+07,9.9430e-01,4.3831e-03
3.6728e+07,9.9440e-01,4.3166e-03
3.8019e+07,9.9449e-01,4.2509e-03
3.9355e+07,9.9459e-01,4.1860e-03
4.0738e+07,9.9468e-01,4.1219e-03
4.2170e+07,9.9477e-01,4.0585e-03
4.3652e+07,9.9486e-01,3.9960e-03
4.5186e+07,9.9495e-01,3.9341e-03
4.6774e+07,9.9503e-01,3.8731e-03
4.8417e+07,9.9512e-01,3.8128e-03
5.0119e+07,9.9520e-01,3.7533e-03
5.1880e+07,9.9528e-01,3.6945e-03
5.3703e+07,9.9536e-01,3.6364e-03
5.5590e+07,9.9544e-01,3.5791e-03
5.7544e+07,9.9552e-01,3.5225e-03
5.9566e+07,9.9560e-01,3.4667e-03
6.1660e+07,9.9567e-01,3.4116e-03
6.3826e+07,9.9575e-01,3.3572e-03
6.6069e+07,9.9582e-01,3.3035e-03
6.8391e+07,9.9590e-01,3.2505e-03
7.0795e+07,9.9597e-01,3.1982e-03
7.3282e+07,9.9604e-01,3.1466e-03
7.5858e+07,9.9611e-01,3.0957e-03
7.8524e+07,9.9617e-01,3.0455e-03
8.1283e+07,9.9624e-01,2.9959e-03
8.4140e+07,9.9631e-01,2.9470e-03
8.7096e+07,9.9637e-01,2.8988e-03
9.0157e+07,9.9643e-01,2.8513e-03
9.3325e+07,9.9650e-01,2.8044e-03
9.6605e+07,9.9656e-01,2.7582e-03
1.0000e+08,9.9662e-01,2.7126e-03
1.0351e+08,9.9668e-01,2.6676e-03
1.0715e+08,9.9674e-01,2.6233e-03
1.1092e+08,9.9679e-01,2.5796e-03
1.1482e+08,9.9685e-01,2.5365e-03
1.1885e+08,9.9691e-01,2.4941e-03
1.2303e+08,9.9696e-01,2.4522e-03
1.2735e+08,9.9701e-01,2.4110e-03
1.3183e+08,9.9707e-01,2.3703e-03
1.3646e+08,9.9712e-01,2.3303e-03
1.4125e+08,9.9717e-01,2.2908e-03
1.4622e+08,9.9722e-01,2.2519e-03
1.5136e+08,9.9727e-01,2.2136e-03
1.5668e+08,9.9732e-01,2.1758e-03
1.6218e+08,9.9736e-01,2.1386e-03
1.6788e+08,9.9741e-01,2.1020e-03
1.7378e+08,9.9746e-01,2.0659e-03
1.7989e+08,9.9750e-01,2.0303e-03
1.8621e+08,9.9755e-01,1.9953e-03
1.9275e+08,9.9759e-01,1.9608e-03
1.9953e+08,9.9763e-01,1.9269e-03
2.0654e+08,9.9768e-01,1.8934e-03
2.1380e+08,9.9772e-01,1.8605e-03
2.2131e+08,9.9776e-01,1.8281e-03
2.2909e+08,9.9780e-01,1.7962e-03
2.3714e+08,9.9784e-01,1.7648e-03
2.4547e+08,9.9788e-01,1.7339e-03
2.5410e+08,9.9791e-01,1.7034e-03
2.6303e+08,9.9795e-01,1.6735e-03
2.7227e+08,9.9799e-01,1.6440e-03
2.8184e+08,9.9802e-01,1.6150e-03
2.9174e+08,9.9806e-01,1.5864e-03
3.0200e+08,9.9809e-01,1.5583e-03
3.1261e+08,9.9813e-01,1.5307e-03
3.2359e+08,9.9816e-01,1.5035e-03
3.3497e+08,9.9819e-01,1.4767e-03
3.4674e+08,9.9823e-01,1.4504e-03
3.5892e+08,9.9826e-01,1.4245e-03
3.7154e+08,9.9829e-01,1.3990e-03
3.8459e+08,9.9832e-01,1.3740e-03
3.9811e+08,9.9835e-01,1.3493e-03
4.1210e+08,9.9838e-01,1.3251e-03
4.2658e+08,9.9841e-01,1.3013e-03
4.4157e+08,9.9844e-01,1.2778e-03
4.5709e+08,9.9846e-01,1.2548e-03
4.7315e+08,9.9849e-01,1.2321e-03
4.8978e+08,9.9852e-01,1.2098e-03
5.0699e+08,9.9854e-01,1.1879e-03
5.2481e+08,9.9857e-01,1.1664e-03
5.4325e+08,9.9860e-01,1.1452e-03
5.6234e+08,9.9862e-01,1.1244e-03
5.8210e+08,9.9865e-01,1.1039e-03
6.0256e+08,9.9867e-01,1.0838e-03
6.2373e+08,9.9869e-01,1.0641e-03
6.4565e+08,9.9872e-01,1.0447e-03
6.6834e+08,9.9874e-01,1.0256e-03
6.9183e+08,9.9876e-01,1.0068e-03
7.1614e+08,9.9878e-01,9.8838e-04
7.4131e+08,9.9881e-01,9.7027e-04
7.6736e+08,9.9883e-01,9.5247e-04
7.9433e+08,9.9885e-01,9.3499e-04
8.2224e+08,9.9887e-01,9.1781e-04
8.5114e+08,9.9889e-01,9.0094e-04
8.8105e+08,9.9891e-01,8.8436e-04
9.1201e+08,9.9893e-01,8.6808e-04
9.4406e+08,9.9895e-01,8.5208e-04
9.7724e+08,9.9896e-01,8.3637e-04
1.0116e+09,9.9898e-01,8.2094e-04
1.0471e+09,9.9900e-01,8.0579e-04
1.0839e+09,9.9902e-01,7.9091e-04
1.1220e+09,9.9904e-01,7.7629e-04
1.1614e+09,9.9905e-01,7.6194e-04
1.2023e+09,9.9907e-01,7.4784e-04
1.2445e+09,9.9908e-01,7.3400e-04
1.2882e+09,9.9910e-01,7.2041e-04
1.3335e+09,9.9912e-01,7.0707e-04
1.3804e+09,9.9913e-01,6.9397e-04
1.4289e+09,9.9915e-01,6.8111e-04
1.4791e+09,9.9916e-01,6.6849e-04
1.5311e+09,9.9918e-01,6.5610e-04
1.5849e+09,9.9919e-01,6.4393e-04
1.6406e+09,9.9920e-01,6.3199e-04
1.6982e+09,9.9922e-01,6.2026e-04
1.7579e+09,9.9923e-01,6.0876e-04
1.8197e+09,9.9925e-01,5.9747e-04
1.8836e+09,9.9926e-01,5.8638e-04
1.9498e+09,9.9927e-01,5.7550e-04
2.0184e+09,9.9928e-01,5.6483e-04
2.0893e+09,9.9930e-01,5.5435e-04
2.1627e+09,9.9931e-01,5.4407e-04
2.2387e+09,9.9932e-01,5.3398e-04
2.3174e+09,9.9933e-01,5.2408e-04
2.3988e+09,9.9934e-01,5.1437e-04
2.4831e+09,9.9935e-01,5.0484e-04
2.5704e+09,9.9937e-01,4.9549e-04
2.6607e+09,9.9938e-01,4.8631e-04
2.7542e+09,9.9939e-01,4.7731e-04
2.8510e+09,9.9940e-01,4.6848e-04
2.9512e+09,9.9941e-01,4.5981e-04
3.0549e+09,9.9942e-01,4.5131e-04
3.1623e+09,9.9943e-01,4.4297e-04
3.2734e+09,9.9944e-01,4.3479e-04
3.3884e+09,9.9945e-01,4.2676e-04
3.5075e+09,9.9946e-01,4.1889e-04
3.6308e+09,9.9946e-01,4.1117e-04
3.7584e+09,9.9947e-01,4.0359e-04
3.8905e+09,9.9948e-01,3.9616e-04
4.0272e+09,9.9949e-01,3.8887e-04
4.1687e+09,9.9950e-01,3.8173e-04
4.3152e+09,9.9951e-01,3.7471e-04
4.4668e+09,9.9952e-01,3.6784e-04
4.6238e+09,9.9952e-01,3.6109e-04
4.7863e+09,9.9953e-01,3.5448e-04
4.9545e+09,9.9954e-01,3.4799e-04
5.1286e+09,9.9955e-01,3.4163e-04
5.3088e+09,9.9955e-01,3.3539e-04
5.4954e+09,9.9956e-01,3.2927e-04
5.6885e+09,9.9957e-01,3.2326e-04
5.8884e+09,9.9958e-01,3.1738e-04
6.0954e+09,9.9958e-01,3.1161e-04
6.3096e+09,9.9959e-01,3.0595e-04
6.5313e+09,9.9960e-01,3.0039e-04
6.7608e+09,9.9960e-01,2.9495e-04
6.9984e+09,9.9961e-01,2.8961e-04
7.2444e+09,9.9962e-01,2.8438e-04
7.4989e+09,9.9962e-01,2.7924e-04
7.7625e+09,9.9963e-01,2.7421e-04
8.0353e+09,9.9963e-01,2.6927e-04
8.3176e+09,9.9964e-01,2.6443e-04
8.6099e+09,9.9965e-01,2.5968e-04
8.9125e+09,9.9965e-01,2.5503e-04
9.2257e+09,9.9966e-01,2.5046e-04
9.5499e+09,9.9966e-01,2.4599e-04
9.8855e+09,9.9967e-01,2.4160e-04
1.0233e+10,9.9967e-01,2.3729e-04
1.0593e+10,9.9968e-01,2.3307e-04
1.0965e+10,9.9968e-01,2.2893e-04
1.1350e+10,9.9969e-01,2.2487e-04
1.1749e+10,9.9969e-01,2.2089e-04
1.2162e+10,9.9970e-01,2.1699e-04
1.2589e+10,9.9970e-01,2.1316e-04
1.3032e+10,9.9971e-01,2.0941e-04
1.3490e+10,9.9971e-01,2.0573e-04
1.3964e+10,9.9972e-01,2.0212e-04
1.4454e+10,9.9972e-01,1.9858e-04
1.4962e+10,9.9973e-01,1.9511e-04
1.5488e+10,9.9973e-01,1.9170e-04
1.6032e+10,9.9973e-01,1.8837e-04
1.6596e+10,9.9974e-01,1.8509e-04
1.7179e+10,9.9974e-01,1.8188e-04
1.7783e+10,9.9975e-01,1.7873e-04
1.8408e+10,9.9975e-01,1.7564e-04
1.9055e+10,9.9975e-01,1.7261e-04
1.9724e+10,9.9976e-01,1.6964e-04
2.0417e+10,9.9976e-01,1.6673e-04
2.1135e+10,9.9976e-01,1.6387e-04
2.1878e+10,9.9977e-01,1.6107e-04
2.2646e+10,9.9977e-01,1.5832e-04
2.3442e+10,9.9978e-01,1.5562e-04
2.4266e+10,9.9978e-01,1.5298e-04
2.5119e+10,9.9978e-01,1.5038e-04
2.6002e+10,9.9979e-01,1.4784e-04
2.6915e+10,9.9979e-01,1.4534e-04
2.7861e+10,9.9979e-01,1.4289e-04
2.8840e+10,9.9979e-01,1.4049e-04
2.9854e+10,9.9980e-01,1.3813e-04
3.0903e+10,9.9980e-01,1.3582e-04
3.1989e+10,9.9980e-01,1.3355e-04
3.3113e+10,9.9981e-01,1.3133e-04
3.4277e+10,9.9981e-01,1.2914e-04
3.5481e+10,9.9981e-01,1.2700e-04
3.6728e+10,9.9982e-01,1.2490e-04
3.8019e+10,9.9982e-01,1.2284e-04
3.9355e+10,9.9982e-01,1.2081e-04
4.0738e+10,9.9982e-01,1.1883e-04
4.2170e+10,9.9983e-01,1.1688e-04
4.3652e+10,9.9983e-01,1.1497e-04
4.5186e+10,9.9983e-01,1.1309e-04
4.6774e+10,9.9983e-01,1.1125e-04
4.8417e+10,9.9984e-01,1.0944e-04
5.0119e+10,9.9984e-01,1.0766e-04
5.1880e+10,9.9984e-01,1.0592e-04
5.3703e+10,9.9984e-01,1.0421e-04
5.5590e+10,9.9985e-01,1.0254e-04
5.7544e+10,9.9985e-01,1.0089e-04
5.9566e+10,9.9985e-01,9.9272e-05
6.1660e+10,9.9985e-01,9.7685e-05
6.3826e+10,9.9985e-01,9.6127e-05
6.6069e+10,9.9986e-01,9.4597e-05
6.8391e+10,9.9986e-01,9.3095e-05
7.0795e+10,9.9986e-01,9.1621e-05
7.3282e+10,9.9986e-01,9.0173e-05
7.5858e+10,9.9986e-01,8.8751e-05
7.8524e+10,9.9987e-01,8.7355e-05
8.1283e+10,9.9987e-01,8.5984e-05
8.4140e+10,9.9987e-01,8.4638e-05
8.7096e+10,9.9987e-01,8.3316e-05
9.0157e+10,9.9987e-01,8.2017e-05
9.3325e+10,9.9988e-01,8.0742e-05
9.6605e+10,9.9988e-01,7.9489e-05
1.0000e+11,9.9988e-01,7.8259e-05
