   f   ,G_stor ,G_loss 
  Hz   ,  GPa  ,  GPa  
1.0000e-04,5.8883e-07,9.9652e-05
1.0351e-04,6.2283e-07,1.0315e-04
1.0715e-04,6.5878e-07,1.0676e-04
1.1092e-04,6.9681e-07,1.1051e-04
1.1482e-04,7.3704e-07,1.1438e-04
1.1885e-04,7.7958e-07,1.1839e-04
1.2303e-04,8.2459e-07,1.2254e-04
1.2735e-04,8.7219e-07,1.2684e-04
1.3183e-04,9.2255e-07,1.3128e-04
1.3646e-04,9.7581e-07,1.3588e-04
1.4125e-04,1.0321e-06,1.4064e-04
1.4622e-04,1.0917e-06,1.4557e-04
1.5136e-04,1.1548e-06,1.5067e-04
1.5668e-04,1.2214e-06,1.5595e-04
1.6218e-04,1.2920e-06,1.6142e-04
1.6788e-04,1.3665e-06,1.6707e-04
1.7378e-04,1.4454e-06,1.7293e-04
1.7989e-04,1.5289e-06,1.7898e-04
1.8621e-04,1.6172e-06,1.8525e-04
1.9275e-04,1.7105e-06,1.9174e-04
1.9953e-04,1.8093e-06,1.9846e-04
2.0654e-04,1.9138e-06,2.0541e-04
2.1380e-04,2.0243e-06,2.1260e-04
2.2131e-04,2.1411e-06,2.2004e-04
2.2909e-04,2.2648e-06,2.2775e-04
2.3714e-04,2.3955e-06,2.3572e-04
2.4547e-04,2.5339e-06,2.4397e-04
2.5410e-04,2.6802e-06,2.5251e-04
2.6303e-04,2.8349e-06,2.6135e-04
2.7227e-04,2.9986e-06,2.7050e-04
2.8184e-04,3.1717e-06,2.7996e-04
2.9174e-04,3.3548e-06,2.8976e-04
3.0200e-04,3.5485e-06,2.9990e-04
3.1261e-04,3.7534e-06,3.1039e-04
3.2359e-04,3.9701e-06,3.2125e-04
3.3497e-04,4.1993e-06,3.3248e-04
3.4674e-04,4.4418e-06,3.4411e-04
3.5892e-04,4.6982e-06,3.5614e-04
3.7154e-04,4.9695e-06,3.6860e-04
3.8459e-04,5.2564e-06,3.8148e-04
3.9811e-04,5.5598e-06,3.9482e-04
4.1210e-04,5.8808e-06,4.0862e-04
4.2658e-04,6.2203e-06,4.2290e-04
4.4157e-04,6.5793e-06,4.3767e-04
4.5709e-04,6.9591e-06,4.5297e-04
4.7315e-04,7.3609e-06,4.6879e-04
4.8978e-04,7.7857e-06,4.8517e-04
5.0699e-04,8.2351e-06,5.0211e-04
5.2481e-04,8.7105e-06,5.1964e-04
5.4325e-04,9.2132e-06,5.3779e-04
5.6234e-04,9.7449e-06,5.5656e-04
5.8210e-04,1.0307e-05,5.7599e-04
6.0256e-04,1.0902e-05,5.9609e-04
6.2373e-04,1.1531e-05,6.1689e-04
6.4565e-04,1.2197e-05,6.3841e-04
6.6834e-04,1.2900e-05,6.6068e-04
6.9183e-04,1.3645e-05,6.8372e-04
7.1614e-04,1.4432e-05,7.0756e-04
7.4131e-04,1.5265e-05,7.3223e-04
7.6736e-04,1.6145e-05,7.5775e-04
7.9433e-04,1.7077e-05,7.8416e-04
8.2224e-04,1.8062e-05,8.1149e-04
8.5114e-04,1.9103e-05,8.3976e-04
8.8105e-04,2.0205e-05,8.6901e-04
9.1201e-04,2.1370e-05,8.9927e-04
9.4406e-04,2.2603e-05,9.3058e-04
9.7724e-04,2.3906e-05,9.6297e-04
1.0116e-03,2.5284e-05,9.9648e-04
1.0471e-03,2.6742e-05,1.0311e-03
1.0839e-03,2.8283e-05,1.0670e-03
1.1220e-03,2.9913e-05,1.1041e-03
1.1614e-03,3.1637e-05,1.1425e-03
1.2023e-03,3.3460e-05,1.1822e-03
1.2445e-03,3.5388e-05,1.2233e-03
1.2882e-03,3.7427e-05,1.2658e-03
1.3335e-03,3.9583e-05,1.3098e-03
1.3804e-03,4.1863e-05,1.3552e-03
1.4289e-03,4.4273e-05,1.4023e-03
1.4791e-03,4.6823e-05,1.4509e-03
1.5311e-03,4.9518e-05,1.5013e-03
1.5849e-03,5.2369e-05,1.5533e-03
1.6406e-03,5.5383e-05,1.6072e-03
1.6982e-03,5.8570e-05,1.6629e-03
1.7579e-03,6.1940e-05,1.7205e-03
1.8197e-03,6.5503e-05,1.7801e-03
1.8836e-03,6.9270e-05,1.8417e-03
1.9498e-03,7.3254e-05,1.9055e-03
2.0184e-03,7.7465e-05,1.9714e-03
2.0893e-03,8.1918e-05,2.0396e-03
2.1627e-03,8.6626e-05,2.1101e-03
2.2387e-03,9.1603e-05,2.1830e-03
2.3174e-03,9.6865e-05,2.2584e-03
2.3988e-03,1.0243e-04,2.3364e-03
2.4831e-03,1.0831e-04,2.4170e-03
2.5704e-03,1.1453e-04,2.5004e-03
2.6607e-03,1.2110e-04,2.5866e-03
2.7542e-03,1.2805e-04,2.6757e-03
2.8510e-03,1.3539e-04,2.7679e-03
2.9512e-03,1.4315e-04,2.8632e-03
3.0549e-03,1.5136e-04,2.9617e-03
3.1623e-03,1.6003e-04,3.0636e-03
3.2734e-03,1.6920e-04,3.1689e-03
3.3884e-03,1.7889e-04,3.2778e-03
3.5075e-03,1.8913e-04,3.3903e-03
3.6308e-03,1.9995e-04,3.5067e-03
3.7584e-03,2.1139e-04,3.6270e-03
3.8905e-03,2.2348e-04,3.7513e-03
4.0272e-03,2.3625e-04,3.8798e-03
4.1687e-03,2.4975e-04,4.0126e-03
4.3152e-03,2.6401e-04,4.1499e-03
4.4668e-03,2.7909e-04,4.2917e-03
4.6238e-03,2.9501e-04,4.4383e-03
4.7863e-03,3.1184e-04,4.5898e-03
4.9545e-03,3.2961e-04,4.7464e-03
5.1286e-03,3.4840e-04,4.9081e-03
5.3088e-03,3.6824e-04,5.0753e-03
5.4954e-03,3.8920e-04,5.2480e-03
5.6885e-03,4.1134e-04,5.4264e-03
5.8884e-03,4.3472e-04,5.6107e-03
6.0954e-03,4.5942e-04,5.8012e-03
6.3096e-03,4.8551e-04,5.9979e-03
6.5313e-03,5.1306e-04,6.2010e-03
6.7608e-03,5.4216e-04,6.4109e-03
6.9984e-03,5.7289e-04,6.6276e-03
7.2444e-03,6.0533e-04,6.8514e-03
7.4989e-03,6.3959e-04,7.0826e-03
7.7625e-03,6.7576e-04,7.3212e-03
8.0353e-03,7.1395e-04,7.5677e-03
8.3176e-03,7.5426e-04,7.8221e-03
8.6099e-03,7.9681e-04,8.0847e-03
8.9125e-03,8.4173e-04,8.3559e-03
9.2257e-03,8.8914e-04,8.6357e-03
9.5499e-03,9.3917e-04,8.9246e-03
9.8855e-03,9.9196e-04,9.2227e-03
1.0233e-02,1.0477e-03,9.5303e-03
1.0593e-02,1.1064e-03,9.8477e-03
1.0965e-02,1.1685e-03,1.0175e-02
1.1350e-02,1.2339e-03,1.0513e-02
1.1749e-02,1.3029e-03,1.0862e-02
1.2162e-02,1.3757e-03,1.1221e-02
1.2589e-02,1.4524e-03,1.1592e-02
1.3032e-02,1.5334e-03,1.1974e-02
1.3490e-02,1.6187e-03,1.2368e-02
1.3964e-02,1.7087e-03,1.2775e-02
1.4454e-02,1.8035e-03,1.3194e-02
1.4962e-02,1.9035e-03,1.3626e-02
1.5488e-02,2.0089e-03,1.4071e-02
1.6032e-02,2.1199e-03,1.4529e-02
1.6596e-02,2.2369e-03,1.5002e-02
1.7179e-02,2.3601e-03,1.5488e-02
1.7783e-02,2.4899e-03,1.5990e-02
1.8408e-02,2.6267e-03,1.6506e-02
1.9055e-02,2.7707e-03,1.7038e-02
1.9724e-02,2.9223e-03,1.7585e-02
2.0417e-02,3.0819e-03,1.8148e-02
2.1135e-02,3.2499e-03,1.8728e-02
2.1878e-02,3.4267e-03,1.9325e-02
2.2646e-02,3.6128e-03,1.9939e-02
2.3442e-02,3.8085e-03,2.0570e-02
2.4266e-02,4.0144e-03,2.1219e-02
2.5119e-02,4.2309e-03,2.1887e-02
2.6002e-02,4.4586e-03,2.2573e-02
2.6915e-02,4.6979e-03,2.3279e-02
2.7861e-02,4.9495e-03,2.4003e-02
2.8840e-02,5.2139e-03,2.4748e-02
2.9854e-02,5.4916e-03,2.5513e-02
3.0903e-02,5.7833e-03,2.6298e-02
3.1989e-02,6.0897e-03,2.7104e-02
3.3113e-02,6.4113e-03,2.7931e-02
3.4277e-02,6.7489e-03,2.8779e-02
3.5481e-02,7.1032e-03,2.9649e-02
3.6728e-02,7.4749e-03,3.0542e-02
3.8019e-02,7.8647e-03,3.1457e-02
3.9355e-02,8.2735e-03,3.2394e-02
4.0738e-02,8.7020e-03,3.3354e-02
4.2170e-02,9.1510e-03,3.4338e-02
4.3652e-02,9.6215e-03,3.5345e-02
4.5186e-02,1.0114e-02,3.6375e-02
4.6774e-02,1.0630e-02,3.7429e-02
4.8417e-02,1.1170e-02,3.8507e-02
5.0119e-02,1.1735e-02,3.9609e-02
5.1880e-02,1.2326e-02,4.0735e-02
5.3703e-02,1.2944e-02,4.1885e-02
5.5590e-02,1.3590e-02,4.3059e-02
5.7544e-02,1.4264e-02,4.4257e-02
5.9566e-02,1.4969e-02,4.5479e-02
6.1660e-02,1.5705e-02,4.6726e-02
6.3826e-02,1.6473e-02,4.7996e-02
6.6069e-02,1.7274e-02,4.9290e-02
6.8391e-02,1.8109e-02,5.0607e-02
7.0795e-02,1.8980e-02,5.1948e-02
7.3282e-02,1.9888e-02,5.3311e-02
7.5858e-02,2.0832e-02,5.4697e-02
7.8524e-02,2.1816e-02,5.6106e-02
8.1283e-02,2.2839e-02,5.7535e-02
8.4140e-02,2.3904e-02,5.8987e-02
8.7096e-02,2.5010e-02,6.0458e-02
9.0157e-02,2.6160e-02,6.1950e-02
9.3325e-02,2.7353e-02,6.3461e-02
9.6605e-02,2.8592e-02,6.4990e-02
1.0000e-01,2.9877e-02,6.6538e-02
1.0351e-01,3.1210e-02,6.8102e-02
1.0715e-01,3.2591e-02,6.9682e-02
1.1092e-01,3.4021e-02,7.1277e-02
1.1482e-01,3.5501e-02,7.2886e-02
1.1885e-01,3.7032e-02,7.4508e-02
1.2303e-01,3.8615e-02,7.6142e-02
1.2735e-01,4.0251e-02,7.7786e-02
1.3183e-01,4.1941e-02,7.9439e-02
1.3646e-01,4.3684e-02,8.1101e-02
1.4125e-01,4.5483e-02,8.2769e-02
1.4622e-01,4.7336e-02,8.4442e-02
1.5136e-01,4.9246e-02,8.6119e-02
1.5668e-01,5.1212e-02,8.7798e-02
1.6218e-01,5.3234e-02,8.9478e-02
1.6788e-01,5.5314e-02,9.1158e-02
1.7378e-01,5.7450e-02,9.2835e-02
1.7989e-01,5.9644e-02,9.4508e-02
1.8621e-01,6.1895e-02,9.6175e-02
1.9275e-01,6.4204e-02,9.7835e-02
1.9953e-01,6.6569e-02,9.9486e-02
2.0654e-01,6.8992e-02,1.0113e-01
2.1380e-01,7.1471e-02,1.0276e-01
2.2131e-01,7.4007e-02,1.0437e-01
2.2909e-01,7.6599e-02,1.0597e-01
2.3714e-01,7.9245e-02,1.0755e-01
2.4547e-01,8.1947e-02,1.0911e-01
2.5410e-01,8.4702e-02,1.1066e-01
2.6303e-01,8.7510e-02,1.1218e-01
2.7227e-01,9.0370e-02,1.1368e-01
2.8184e-01,9.3282e-02,1.1515e-01
2.9174e-01,9.6243e-02,1.1660e-01
3.0200e-01,9.9254e-02,1.1801e-01
3.1261e-01,1.0231e-01,1.1940e-01
3.2359e-01,1.0542e-01,1.2076e-01
3.3497e-01,1.0857e-01,1.2209e-01
3.4674e-01,1.1176e-01,1.2339e-01
3.5892e-01,1.1500e-01,1.2465e-01
3.7154e-01,1.1827e-01,1.2588e-01
3.8459e-01,1.2159e-01,1.2707e-01
3.9811e-01,1.2494e-01,1.2822e-01
4.1210e-01,1.2833e-01,1.2934e-01
4.2658e-01,1.3176e-01,1.3042e-01
4.4157e-01,1.3521e-01,1.3146e-01
4.5709e-01,1.3870e-01,1.3247e-01
4.7315e-01,1.4222e-01,1.3343e-01
4.8978e-01,1.4576e-01,1.3435e-01
5.0699e-01,1.4934e-01,1.3524e-01
5.2481e-01,1.5293e-01,1.3608e-01
5.4325e-01,1.5655e-01,1.3688e-01
5.6234e-01,1.6019e-01,1.3764e-01
5.8210e-01,1.6384e-01,1.3837e-01
6.0256e-01,1.6752e-01,1.3905e-01
6.2373e-01,1.7121e-01,1.3969e-01
6.4565e-01,1.7491e-01,1.4029e-01
6.6834e-01,1.7863e-01,1.4085e-01
6.9183e-01,1.8236e-01,1.4137e-01
7.1614e-01,1.8610e-01,1.4185e-01
7.4131e-01,1.8984e-01,1.4230e-01
7.6736e-01,1.9360e-01,1.4270e-01
7.9433e-01,1.9736e-01,1.4307e-01
8.2224e-01,2.0112e-01,1.4340e-01
8.5114e-01,2.0488e-01,1.4369e-01
8.8105e-01,2.0865e-01,1.4395e-01
9.1201e-01,2.1241e-01,1.4417e-01
9.4406e-01,2.1617e-01,1.4436e-01
9.7724e-01,2.1994e-01,1.4452e-01
1.0116e+00,2.2369e-01,1.4464e-01
1.0471e+00,2.2745e-01,1.4473e-01
1.0839e+00,2.3120e-01,1.4479e-01
1.1220e+00,2.3494e-01,1.4482e-01
1.1614e+00,2.3867e-01,1.4482e-01
1.2023e+00,2.4240e-01,1.4479e-01
1.2445e+00,2.4612e-01,1.4473e-01
1.2882e+00,2.4982e-01,1.4464e-01
1.3335e+00,2.5352e-01,1.4453e-01
1.3804e+00,2.5721e-01,1.4439e-01
1.4289e+00,2.6088e-01,1.4423e-01
1.4791e+00,2.6455e-01,1.4405e-01
1.5311e+00,2.6820e-01,1.4384e-01
1.5849e+00,2.7183e-01,1.4361e-01
1.6406e+00,2.7545e-01,1.4336e-01
1.6982e+00,2.7906e-01,1.4308e-01
1.7579e+00,2.8266e-01,1.4279e-01
1.8197e+00,2.8624e-01,1.4248e-01
1.8836e+00,2.8980e-01,1.4215e-01
1.9498e+00,2.9335e-01,1.4181e-01
2.0184e+00,2.9688e-01,1.4144e-01
2.0893e+00,3.0039e-01,1.4106e-01
2.1627e+00,3.0389e-01,1.4067e-01
2.2387e+00,3.0738e-01,1.4026e-01
2.3174e+00,3.1084e-01,1.3984e-01
2.3988e+00,3.1429e-01,1.3940e-01
2.4831e+00,3.1772e-01,1.3896e-01
2.5704e+00,3.2114e-01,1.3850e-01
2.6607e+00,3.2453e-01,1.3803e-01
2.7542e+00,3.2791e-01,1.3754e-01
2.8510e+00,3.3128e-01,1.3705e-01
2.9512e+00,3.3462e-01,1.3655e-01
3.0549e+00,3.3795e-01,1.3604e-01
3.1623e+00,3.4126e-01,1.3552e-01
3.2734e+00,3.4455e-01,1.3499e-01
3.3884e+00,3.4782e-01,1.3446e-01
3.5075e+00,3.5108e-01,1.3391e-01
3.6308e+00,3.5432e-01,1.3337e-01
3.7584e+00,3.5754e-01,1.3281e-01
3.8905e+00,3.6075e-01,1.3225e-01
4.0272e+00,3.6393e-01,1.3168e-01
4.1687e+00,3.6710e-01,1.3111e-01
4.3152e+00,3.7025e-01,1.3053e-01
4.4668e+00,3.7339e-01,1.2995e-01
4.6238e+00,3.7650e-01,1.2937e-01
4.7863e+00,3.7960e-01,1.2878e-01
4.9545e+00,3.8268e-01,1.2819e-01
5.1286e+00,3.8575e-01,1.2759e-01
5.3088e+00,3.8880e-01,1.2699e-01
5.4954e+00,3.9183e-01,1.2639e-01
5.6885e+00,3.9484e-01,1.2579e-01
5.8884e+00,3.9784e-01,1.2519e-01
6.0954e+00,4.0082e-01,1.2458e-01
6.3096e+00,4.0378e-01,1.2397e-01
6.5313e+00,4.0673e-01,1.2336e-01
6.7608e+00,4.0966e-01,1.2275e-01
6.9984e+00,4.1257e-01,1.2214e-01
7.2444e+00,4.1547e-01,1.2153e-01
7.4989e+00,4.1835e-01,1.2091e-01
7.7625e+00,4.2122e-01,1.2030e-01
8.0353e+00,4.2406e-01,1.1969e-01
8.3176e+00,4.2690e-01,1.1907e-01
8.6099e+00,4.2971e-01,1.1846e-01
8.9125e+00,4.3251e-01,1.1784e-01
9.2257e+00,4.3530e-01,1.1723e-01
9.5499e+00,4.3807e-01,1.1662e-01
9.8855e+00,4.4082e-01,1.1601e-01
1.0233e+01,4.4356e-01,1.1539e-01
1.0593e+01,4.4628e-01,1.1478e-01
1.0965e+01,4.4899e-01,1.1417e-01
1.1350e+01,4.5168e-01,1.1357e-01
1.1749e+01,4.5435e-01,1.1296e-01
1.2162e+01,4.5701e-01,1.1235e-01
1.2589e+01,4.5966e-01,1.1175e-01
1.3032e+01,4.6229e-01,1.1114e-01
1.3490e+01,4.6491e-01,1.1054e-01
1.3964e+01,4.6751e-01,1.0994e-01
1.4454e+01,4.7009e-01,1.0934e-01
1.4962e+01,4.7266e-01,1.0875e-01
1.5488e+01,4.7522e-01,1.0815e-01
1.6032e+01,4.7776e-01,1.0756e-01
1.6596e+01,4.8029e-01,1.0697e-01
1.7179e+01,4.8280e-01,1.0638e-01
1.7783e+01,4.8530e-01,1.0579e-01
1.8408e+01,4.8778e-01,1.0521e-01
1.9055e+01,4.9025e-01,1.0462e-01
1.9724e+01,4.9271e-01,1.0404e-01
2.0417e+01,4.9515e-01,1.0347e-01
2.1135e+01,4.9758e-01,1.0289e-01
2.1878e+01,4.9999e-01,1.0232e-01
2.2646e+01,5.0239e-01,1.0175e-01
2.3442e+01,5.0477e-01,1.0118e-01
2.4266e+01,5.0714e-01,1.0061e-01
2.5119e+01,5.0950e-01,1.0005e-01
2.6002e+01,5.1185e-01,9.9488e-02
2.6915e+01,5.1418e-01,9.8930e-02
2.7861e+01,5.1649e-01,9.8374e-02
2.8840e+01,5.1880e-01,9.7822e-02
2.9854e+01,5.2109e-01,9.7271e-02
3.0903e+01,5.2337e-01,9.6724e-02
3.1989e+01,5.2563e-01,9.6180e-02
3.3113e+01,5.2788e-01,9.5638e-02
3.4277e+01,5.3012e-01,9.5099e-02
3.5481e+01,5.3234e-01,9.4563e-02
3.6728e+01,5.3455e-01,9.4030e-02
3.8019e+01,5.3675e-01,9.3500e-02
3.9355e+01,5.3894e-01,9.2973e-02
4.0738e+01,5.4111e-01,9.2449e-02
4.2170e+01,5.4327e-01,9.1928e-02
4.3652e+01,5.4542e-01,9.1410e-02
4.5186e+01,5.4755e-01,9.0895e-02
4.6774e+01,5.4967e-01,9.0383e-02
4.8417e+01,5.5179e-01,8.9874e-02
5.0119e+01,5.5388e-01,8.9368e-02
5.1880e+01,5.5597e-01,8.8866e-02
5.3703e+01,5.5804e-01,8.8366e-02
5.5590e+01,5.6010e-01,8.7870e-02
5.7544e+01,5.6215e-01,8.7377e-02
5.9566e+01,5.6419e-01,8.6887e-02
6.1660e+01,5.6621e-01,8.6400e-02
6.3826e+01,5.6823e-01,8.5916e-02
6.6069e+01,5.7023e-01,8.5436e-02
6.8391e+01,5.7222e-01,8.4959e-02
7.0795e+01,5.7420e-01,8.4485e-02
7.3282e+01,5.7617e-01,8.4015e-02
7.5858e+01,5.7812e-01,8.3547e-02
7.8524e+01,5.8006e-01,8.3083e-02
8.1283e+01,5.8200e-01,8.2623e-02
8.4140e+01,5.8392e-01,8.2165e-02
8.7096e+01,5.8583e-01,8.1711e-02
9.0157e+01,5.8773e-01,8.1261e-02
9.3325e+01,5.8962e-01,8.0813e-02
9.6605e+01,5.9149e-01,8.0369e-02
1.0000e+02,5.9336e-01,7.9929e-02
1.0351e+02,5.9522e-01,7.9492e-02
1.0715e+02,5.9706e-01,7.9058e-02
1.1092e+02,5.9890e-01,7.8627e-02
1.1482e+02,6.0072e-01,7.8200e-02
1.1885e+02,6.0253e-01,7.7776e-02
1.2303e+02,6.0434e-01,7.7356e-02
1.2735e+02,6.0613e-01,7.6939e-02
1.3183e+02,6.0791e-01,7.6525e-02
1.3646e+02,6.0969e-01,7.6115e-02
1.4125e+02,6.1145e-01,7.5708e-02
1.4622e+02,6.1320e-01,7.5304e-02
1.5136e+02,6.1494e-01,7.4904e-02
1.5668e+02,6.1668e-01,7.4507e-02
1.6218e+02,6.1840e-01,7.4114e-02
1.6788e+02,6.2011e-01,7.3724e-02
1.7378e+02,6.2182e-01,7.3338e-02
1.7989e+02,6.2351e-01,7.2954e-02
1.8621e+02,6.2520e-01,7.2575e-02
1.9275e+02,6.2687e-01,7.2198e-02
1.9953e+02,6.2854e-01,7.1825e-02
2.0654e+02,6.3019e-01,7.1455e-02
2.1380e+02,6.3184e-01,7.1089e-02
2.2131e+02,6.3348e-01,7.0726e-02
2.2909e+02,6.3511e-01,7.0366e-02
2.3714e+02,6.3673e-01,7.0010e-02
2.4547e+02,6.3835e-01,6.9657e-02
2.5410e+02,6.3995e-01,6.9308e-02
2.6303e+02,6.4155e-01,6.8961e-02
2.7227e+02,6.4313e-01,6.8618e-02
2.8184e+02,6.4471e-01,6.8278e-02
2.9174e+02,6.4628e-01,6.7942e-02
3.0200e+02,6.4784e-01,6.7609e-02
3.1261e+02,6.4940e-01,6.7279e-02
3.2359e+02,6.5094e-01,6.6952e-02
3.3497e+02,6.5248e-01,6.6629e-02
3.4674e+02,6.5401e-01,6.6309e-02
3.5892e+02,6.5553e-01,6.5992e-02
3.7154e+02,6.5704e-01,6.5678e-02
3.8459e+02,6.5855e-01,6.5367e-02
3.9811e+02,6.6005e-01,6.5060e-02
4.1210e+02,6.6154e-01,6.4756e-02
4.2658e+02,6.6302e-01,6.4455e-02
4.4157e+02,6.6450e-01,6.4157e-02
4.5709e+02,6.6597e-01,6.3862e-02
4.7315e+02,6.6743e-01,6.3570e-02
4.8978e+02,6.6888e-01,6.3282e-02
5.0699e+02,6.7033e-01,6.2996e-02
5.2481e+02,6.7177e-01,6.2714e-02
5.4325e+02,6.7320e-01,6.2434e-02
5.6234e+02,6.7463e-01,6.2158e-02
5.8210e+02,6.7605e-01,6.1885e-02
6.0256e+02,6.7746e-01,6.1614e-02
6.2373e+02,6.7887e-01,6.1347e-02
6.4565e+02,6.8027e-01,6.1082e-02
6.6834e+02,6.8166e-01,6.0820e-02
6.9183e+02,6.8305e-01,6.0562e-02
7.1614e+02,6.8443e-01,6.0306e-02
7.4131e+02,6.8580e-01,6.0053e-02
7.6736e+02,6.8717e-01,5.9803e-02
7.9433e+02,6.8853e-01,5.9556e-02
8.2224e+02,6.8989e-01,5.9311e-02
8.5114e+02,6.9124e-01,5.9069e-02
8.8105e+02,6.9258e-01,5.8830e-02
9.1201e+02,6.9392e-01,5.8594e-02
9.4406e+02,6.9525e-01,5.8361e-02
9.7724e+02,6.9658e-01,5.8130e-02
1.0116e+03,6.9790e-01,5.7902e-02
1.0471e+03,6.9921e-01,5.7676e-02
1.0839e+03,7.0052e-01,5.7453e-02
1.1220e+03,7.0183e-01,5.7233e-02
1.1614e+03,7.0313e-01,5.7015e-02
1.2023e+03,7.0442e-01,5.6800e-02
1.2445e+03,7.0571e-01,5.6588e-02
1.2882e+03,7.0699e-01,5.6378e-02
1.3335e+03,7.0827e-01,5.6170e-02
1.3804e+03,7.0954e-01,5.5965e-02
1.4289e+03,7.1081e-01,5.5762e-02
1.4791e+03,7.1207e-01,5.5562e-02
1.5311e+03,7.1333e-01,5.5364e-02
1.5849e+03,7.1458e-01,5.5168e-02
1.6406e+03,7.1583e-01,5.4975e-02
1.6982e+03,7.1707e-01,5.4784e-02
1.7579e+03,7.1831e-01,5.4595e-02
1.8197e+03,7.1955e-01,5.4409e-02
1.8836e+03,7.2078e-01,5.4224e-02
1.9498e+03,7.2200e-01,5.4042e-02
2.0184e+03,7.2322e-01,5.3862e-02
2.0893e+03,7.2444e-01,5.3685e-02
2.1627e+03,7.2565e-01,5.3509e-02
2.2387e+03,7.2686e-01,5.3336e-02
2.3174e+03,7.2806e-01,5.3164e-02
2.3988e+03,7.2926e-01,5.2995e-02
2.4831e+03,7.3046e-01,5.2827e-02
2.5704e+03,7.3165e-01,5.2662e-02
2.6607e+03,7.3284e-01,5.2498e-02
2.7542e+03,7.3402e-01,5.2337e-02
2.8510e+03,7.3520e-01,5.2177e-02
2.9512e+03,7.3637e-01,5.2020e-02
3.0549e+03,7.3755e-01,5.1864e-02
3.1623e+03,7.3871e-01,5.1710e-02
3.2734e+03,7.3988e-01,5.1558e-02
3.3884e+03,7.4104e-01,5.1407e-02
3.5075e+03,7.4219e-01,5.1258e-02
3.6308e+03,7.4335e-01,5.1111e-02
3.7584e+03,7.4450e-01,5.0966e-02
3.8905e+03,7.4564e-01,5.0822e-02
4.0272e+03,7.4679e-01,5.0680e-02
4.1687e+03,7.4792e-01,5.0540e-02
4.3152e+03,7.4906e-01,5.0401e-02
4.4668e+03,7.5019e-01,5.0264e-02
4.6238e+03,7.5132e-01,5.0128e-02
4.7863e+03,7.5245e-01,4.9994e-02
4.9545e+03,7.5357e-01,4.9861e-02
5.1286e+03,7.5469e-01,4.9730e-02
5.3088e+03,7.5581e-01,4.9600e-02
5.4954e+03,7.5692e-01,4.9471e-02
5.6885e+03,7.5803e-01,4.9344e-02
5.8884e+03,7.5914e-01,4.9219e-02
6.0954e+03,7.6024e-01,4.9094e-02
6.3096e+03,7.6134e-01,4.8971e-02
6.5313e+03,7.6244e-01,4.8849e-02
6.7608e+03,7.6353e-01,4.8728e-02
6.9984e+03,7.6463e-01,4.8609e-02
7.2444e+03,7.6572e-01,4.8491e-02
7.4989e+03,7.6680e-01,4.8373e-02
7.7625e+03,7.6789e-01,4.8258e-02
8.0353e+03,7.6897e-01,4.8143e-02
8.3176e+03,7.7005e-01,4.8029e-02
8.6099e+03,7.7112e-01,4.7916e-02
8.9125e+03,7.7219e-01,4.7804e-02
9.2257e+03,7.7326e-01,4.7694e-02
9.5499e+03,7.7433e-01,4.7584e-02
9.8855e+03,7.7540e-01,4.7475e-02
1.0233e+04,7.7646e-01,4.7367e-02
1.0593e+04,7.7752e-01,4.7261e-02
1.0965e+04,7.7858e-01,4.7155e-02
1.1350e+04,7.7963e-01,4.7049e-02
1.1749e+04,7.8068e-01,4.6945e-02
1.2162e+04,7.8173e-01,4.6842e-02
1.2589e+04,7.8278e-01,4.6739e-02
1.3032e+04,7.8383e-01,4.6637e-02
1.3490e+04,7.8487e-01,4.6536e-02
1.3964e+04,7.8591e-01,4.6435e-02
1.4454e+04,7.8695e-01,4.6335e-02
1.4962e+04,7.8798e-01,4.6236e-02
1.5488e+04,7.8902e-01,4.6138e-02
1.6032e+04,7.9005e-01,4.6040e-02
1.6596e+04,7.9107e-01,4.5942e-02
1.7179e+04,7.9210e-01,4.5846e-02
1.7783e+04,7.9313e-01,4.5749e-02
1.8408e+04,7.9415e-01,4.5654e-02
1.9055e+04,7.9517e-01,4.5559e-02
1.9724e+04,7.9618e-01,4.5464e-02
2.0417e+04,7.9720e-01,4.5370e-02
2.1135e+04,7.9821e-01,4.5276e-02
2.1878e+04,7.9922e-01,4.5183e-02
2.2646e+04,8.0023e-01,4.5090e-02
2.3442e+04,8.0124e-01,4.4997e-02
2.4266e+04,8.0224e-01,4.4905e-02
2.5119e+04,8.0324e-01,4.4813e-02
2.6002e+04,8.0425e-01,4.4722e-02
2.6915e+04,8.0524e-01,4.4631e-02
2.7861e+04,8.0624e-01,4.4540e-02
2.8840e+04,8.0723e-01,4.4449e-02
2.9854e+04,8.0822e-01,4.4358e-02
3.0903e+04,8.0921e-01,4.4268e-02
3.1989e+04,8.1020e-01,4.4178e-02
3.3113e+04,8.1119e-01,4.4088e-02
3.4277e+04,8.1217e-01,4.3999e-02
3.5481e+04,8.1315e-01,4.3909e-02
3.6728e+04,8.1413e-01,4.3820e-02
3.8019e+04,8.1511e-01,4.3730e-02
3.9355e+04,8.1608e-01,4.3641e-02
4.0738e+04,8.1706e-01,4.3552e-02
4.2170e+04,8.1803e-01,4.3463e-02
4.3652e+04,8.1900e-01,4.3374e-02
4.5186e+04,8.1997e-01,4.3285e-02
4.6774e+04,8.2093e-01,4.3196e-02
4.8417e+04,8.2189e-01,4.3107e-02
5.0119e+04,8.2285e-01,4.3018e-02
5.1880e+04,8.2381e-01,4.2929e-02
5.3703e+04,8.2477e-01,4.2839e-02
5.5590e+04,8.2573e-01,4.2750e-02
5.7544e+04,8.2668e-01,4.2661e-02
5.9566e+04,8.2763e-01,4.2571e-02
6.1660e+04,8.2858e-01,4.2482e-02
6.3826e+04,8.2953e-01,4.2392e-02
6.6069e+04,8.3047e-01,4.2302e-02
6.8391e+04,8.3141e-01,4.2212e-02
7.0795e+04,8.3235e-01,4.2122e-02
7.3282e+04,8.3329e-01,4.2031e-02
7.5858e+04,8.3423e-01,4.1941e-02
7.8524e+04,8.3517e-01,4.1850e-02
8.1283e+04,8.3610e-01,4.1759e-02
8.4140e+04,8.3703e-01,4.1667e-02
8.7096e+04,8.3796e-01,4.1576e-02
9.0157e+04,8.3888e-01,4.1484e-02
9.3325e+04,8.3981e-01,4.1392e-02
9.6605e+04,8.4073e-01,4.1299e-02
1.0000e+05,8.4165e-01,4.1207e-02
1.0351e+05,8.4257e-01,4.1114e-02
1.0715e+05,8.4349e-01,4.1020e-02
1.1092e+05,8.4440e-01,4.0926e-02
1.1482e+05,8.4531e-01,4.0832e-02
1.1885e+05,8.4622e-01,4.0738e-02
1.2303e+05,8.4713e-01,4.0643e-02
1.2735e+05,8.4804e-01,4.0548e-02
1.3183e+05,8.4894e-01,4.0452e-02
1.3646e+05,8.4984e-01,4.0356e-02
1.4125e+05,8.5074e-01,4.0260e-02
1.4622e+05,8.5164e-01,4.0163e-02
1.5136e+05,8.5253e-01,4.0066e-02
1.5668e+05,8.5343e-01,3.9968e-02
1.6218e+05,8.5432e-01,3.9870e-02
1.6788e+05,8.5520e-01,3.9771e-02
1.7378e+05,8.5609e-01,3.9672e-02
1.7989e+05,8.5697e-01,3.9572e-02
1.8621e+05,8.5786e-01,3.9472e-02
1.9275e+05,8.5874e-01,3.9372e-02
1.9953e+05,8.5961e-01,3.9271e-02
2.0654e+05,8.6049e-01,3.9169e-02
2.1380e+05,8.6136e-01,3.9067e-02
2.2131e+05,8.6223e-01,3.8965e-02
2.2909e+05,8.6310e-01,3.8862e-02
2.3714e+05,8.6397e-01,3.8758e-02
2.4547e+05,8.6483e-01,3.8654e-02
2.5410e+05,8.6569e-01,3.8550e-02
2.6303e+05,8.6655e-01,3.8445e-02
2.7227e+05,8.6741e-01,3.8339e-02
2.8184e+05,8.6826e-01,3.8233e-02
2.9174e+05,8.6911e-01,3.8126e-02
3.0200e+05,8.6996e-01,3.8019e-02
3.1261e+05,8.7081e-01,3.7911e-02
3.2359e+05,8.7166e-01,3.7802e-02
3.3497e+05,8.7250e-01,3.7693e-02
3.4674e+05,8.7334e-01,3.7584e-02
3.5892e+05,8.7418e-01,3.7474e-02
3.7154e+05,8.7501e-01,3.7363e-02
3.8459e+05,8.7584e-01,3.7252e-02
3.9811e+05,8.7667e-01,3.7140e-02
4.1210e+05,8.7750e-01,3.7027e-02
4.2658e+05,8.7833e-01,3.6914e-02
4.4157e+05,8.7915e-01,3.6801e-02
4.5709e+05,8.7997e-01,3.6687e-02
4.7315e+05,8.8079e-01,3.6572e-02
4.8978e+05,8.8160e-01,3.6457e-02
5.0699e+05,8.8242e-01,3.6341e-02
5.2481e+05,8.8323e-01,3.6224e-02
5.4325e+05,8.8403e-01,3.6107e-02
5.6234e+05,8.8484e-01,3.5990e-02
5.8210e+05,8.8564e-01,3.5871e-02
6.0256e+05,8.8644e-01,3.5752e-02
6.2373e+05,8.8724e-01,3.5633e-02
6.4565e+05,8.8803e-01,3.5513e-02
6.6834e+05,8.8882e-01,3.5393e-02
6.9183e+05,8.8961e-01,3.5271e-02
7.1614e+05,8.9040e-01,3.5150e-02
7.4131e+05,8.9118e-01,3.5027e-02
7.6736e+05,8.9196e-01,3.4905e-02
7.9433e+05,8.9274e-01,3.4781e-02
8.2224e+05,8.9352e-01,3.4657e-02
8.5114e+05,8.9429e-01,3.4533e-02
8.8105e+05,8.9506e-01,3.4407e-02
9.1201e+05,8.9583e-01,3.4282e-02
9.4406e+05,8.9659e-01,3.4156e-02
9.7724e+05,8.9735e-01,3.4029e-02
1.0116e+06,8.9811e-01,3.3901e-02
1.0471e+06,8.9887e-01,3.3774e-02
1.0839e+06,8.9962e-01,3.3645e-02
1.1220e+06,9.0037e-01,3.3516e-02
1.1614e+06,9.0112e-01,3.3387e-02
1.2023e+06,9.0186e-01,3.3257e-02
1.2445e+06,9.0260e-01,3.3126e-02
1.2882e+06,9.0334e-01,3.2995e-02
1.3335e+06,9.0408e-01,3.2863e-02
1.3804e+06,9.0481e-01,3.2731e-02
1.4289e+06,9.0554e-01,3.2599e-02
1.4791e+06,9.0627e-01,3.2466e-02
1.5311e+06,9.0699e-01,3.2332e-02
1.5849e+06,9.0771e-01,3.2198e-02
1.6406e+06,9.0843e-01,3.2063e-02
1.6982e+06,9.0914e-01,3.1928e-02
1.7579e+06,9.0985e-01,3.1793e-02
1.8197e+06,9.1056e-01,3.1657e-02
1.8836e+06,9.1127e-01,3.1521e-02
1.9498e+06,9.1197e-01,3.1384e-02
2.0184e+06,9.1267e-01,3.1246e-02
2.0893e+06,9.1337e-01,3.1109e-02
2.1627e+06,9.1406e-01,3.0970e-02
2.2387e+06,9.1475e-01,3.0832e-02
2.3174e+06,9.1544e-01,3.0693e-02
2.3988e+06,9.1612e-01,3.0553e-02
2.4831e+06,9.1680e-01,3.0414e-02
2.5704e+06,9.1748e-01,3.0273e-02
2.6607e+06,9.1816e-01,3.0133e-02
2.7542e+06,9.1883e-01,2.9992e-02
2.8510e+06,9.1950e-01,2.9851e-02
2.9512e+06,9.2016e-01,2.9709e-02
3.0549e+06,9.2082e-01,2.9567e-02
3.1623e+06,9.2148e-01,2.9424e-02
3.2734e+06,9.2214e-01,2.9282e-02
3.3884e+06,9.2279e-01,2.9139e-02
3.5075e+06,9.2344e-01,2.8995e-02
3.6308e+06,9.2409e-01,2.8852e-02
3.7584e+06,9.2473e-01,2.8708e-02
3.8905e+06,9.2537e-01,2.8563e-02
4.0272e+06,9.2601e-01,2.8419e-02
4.1687e+06,9.2664e-01,2.8274e-02
4.3152e+06,9.2727e-01,2.8129e-02
4.4668e+06,9.2790e-01,2.7983e-02
4.6238e+06,9.2852e-01,2.7838e-02
4.7863e+06,9.2914e-01,2.7692e-02
4.9545e+06,9.2976e-01,2.7546e-02
5.1286e+06,9.3037e-01,2.7400e-02
5.3088e+06,9.3098e-01,2.7253e-02
5.4954e+06,9.3159e-01,2.7106e-02
5.6885e+06,9.3219e-01,2.6959e-02
5.8884e+06,9.3279e-01,2.6812e-02
6.0954e+06,9.3339e-01,2.6665e-02
6.3096e+06,9.3399e-01,2.6518e-02
6.5313e+06,9.3458e-01,2.6370e-02
6.7608e+06,9.3516e-01,2.6222e-02
6.9984e+06,9.3575e-01,2.6074e-02
7.2444e+06,9.3633e-01,2.5926e-02
7.4989e+06,9.3691e-01,2.5778e-02
7.7625e+06,9.3748e-01,2.5630e-02
8.0353e+06,9.3805e-01,2.5482e-02
8.3176e+06,9.3862e-01,2.5333e-02
8.6099e+06,9.3918e-01,2.5185e-02
8.9125e+06,9.3974e-01,2.5036e-02
9.2257e+06,9.4030e-01,2.4888e-02
9.5499e+06,9.4086e-01,2.4739e-02
9.8855e+06,9.4141e-01,2.4591e-02
1.0233e+07,9.4195e-01,2.4442e-02
1.0593e+07,9.4250e-01,2.4293e-02
1.0965e+07,9.4304e-01,2.4144e-02
1.1350e+07,9.4358e-01,2.3996e-02
1.1749e+07,9.4411e-01,2.3847e-02
1.2162e+07,9.4464e-01,2.3698e-02
1.2589e+07,9.4517e-01,2.3550e-02
1.3032e+07,9.4569e-01,2.3401e-02
1.3490e+07,9.4621e-01,2.3253e-02
1.3964e+07,9.4673e-01,2.3104e-02
1.4454e+07,9.4725e-01,2.2956e-02
1.4962e+07,9.4776e-01,2.2807e-02
1.5488e+07,9.4826e-01,2.2659e-02
1.6032e+07,9.4877e-01,2.2511e-02
1.6596e+07,9.4927e-01,2.2363e-02
1.7179e+07,9.4977e-01,2.2215e-02
1.7783e+07,9.5026e-01,2.2067e-02
1.8408e+07,9.5075e-01,2.1920e-02
1.9055e+07,9.5124e-01,2.1772e-02
1.9724e+07,9.5172e-01,2.1625e-02
2.0417e+07,9.5220e-01,2.1478e-02
2.1135e+07,9.5268e-01,2.1331e-02
2.1878e+07,9.5316e-01,2.1184e-02
2.2646e+07,9.5363e-01,2.1037e-02
2.3442e+07,9.5410e-01,2.0891e-02
2.4266e+07,9.5456e-01,2.0745e-02
2.5119e+07,9.5502e-01,2.0599e-02
2.6002e+07,9.5548e-01,2.0453e-02
2.6915e+07,9.5593e-01,2.0308e-02
2.7861e+07,9.5639e-01,2.0162e-02
2.8840e+07,9.5683e-01,2.0017e-02
2.9854e+07,9.5728e-01,1.9873e-02
3.0903e+07,9.5772e-01,1.9728e-02
3.1989e+07,9.5816e-01,1.9584e-02
3.3113e+07,9.5859e-01,1.9440e-02
3.4277e+07,9.5903e-01,1.9297e-02
3.5481e+07,9.5946e-01,1.9154e-02
3.6728e+07,9.5988e-01,1.9011e-02
3.8019e+07,9.6030e-01,1.8868e-02
3.9355e+07,9.6072e-01,1.8726e-02
4.0738e+07,9.6114e-01,1.8584e-02
4.2170e+07,9.6155e-01,1.8443e-02
4.3652e+07,9.6196e-01,1.8301e-02
4.5186e+07,9.6237e-01,1.8161e-02
4.6774e+07,9.6277e-01,1.8020e-02
4.8417e+07,9.6317e-01,1.7880e-02
5.0119e+07,9.6357e-01,1.7741e-02
5.1880e+07,9.6396e-01,1.7601e-02
5.3703e+07,9.6435e-01,1.7463e-02
5.5590e+07,9.6474e-01,1.7324e-02
5.7544e+07,9.6513e-01,1.7186e-02
5.9566e+07,9.6551e-01,1.7049e-02
6.1660e+07,9.6589e-01,1.6912e-02
6.3826e+07,9.6626e-01,1.6775e-02
6.6069e+07,9.6663e-01,1.6639e-02
6.8391e+07,9.6700e-01,1.6503e-02
7.0795e+07,9.6737e-01,1.6368e-02
7.3282e+07,9.6773e-01,1.6233e-02
7.5858e+07,9.6809e-01,1.6099e-02
7.8524e+07,9.6845e-01,1.5965e-02
8.1283e+07,9.6880e-01,1.5831e-02
8.4140e+07,9.6915e-01,1.5698e-02
8.7096e+07,9.6950e-01,1.5566e-02
9.0157e+07,9.6985e-01,1.5434e-02
9.3325e+07,9.7019e-01,1.5303e-02
9.6605e+07,9.7053e-01,1.5172e-02
1.0000e+08,9.7087e-01,1.5042e-02
1.0351e+08,9.7120e-01,1.4912e-02
1.0715e+08,9.7153e-01,1.4783e-02
1.1092e+08,9.7186e-01,1.4654e-02
1.1482e+08,9.7218e-01,1.4526e-02
1.1885e+08,9.7250e-01,1.4399e-02
1.2303e+08,9.7282e-01,1.4272e-02
1.2735e+08,9.7314e-01,1.4145e-02
1.3183e+08,9.7345e-01,1.4019e-02
1.3646e+08,9.7376e-01,1.3894e-02
1.4125e+08,9.7407e-01,1.3769e-02
1.4622e+08,9.7438e-01,1.3645e-02
1.5136e+08,9.7468e-01,1.3522e-02
1.5668e+08,9.7498e-01,1.3399e-02
1.6218e+08,9.7527e-01,1.3276e-02
1.6788e+08,9.7557e-01,1.3155e-02
1.7378e+08,9.7586e-01,1.3034e-02
1.7989e+08,9.7615e-01,1.2913e-02
1.8621e+08,9.7643e-01,1.2793e-02
1.9275e+08,9.7672e-01,1.2674e-02
1.9953e+08,9.7700e-01,1.2555e-02
2.0654e+08,9.7728e-01,1.2437e-02
2.1380e+08,9.7755e-01,1.2320e-02
2.2131e+08,9.7782e-01,1.2203e-02
2.2909e+08,9.7809e-01,1.2087e-02
2.3714e+08,9.7836e-01,1.1971e-02
2.4547e+08,9.7863e-01,1.1857e-02
2.5410e+08,9.7889e-01,1.1742e-02
2.6303e+08,9.7915e-01,1.1629e-02
2.7227e+08,9.7940e-01,1.1516e-02
2.8184e+08,9.7966e-01,1.1404e-02
2.9174e+08,9.7991e-01,1.1292e-02
3.0200e+08,9.8016e-01,1.1181e-02
3.1261e+08,9.8041e-01,1.1071e-02
3.2359e+08,9.8065e-01,1.0961e-02
3.3497e+08,9.8090e-01,1.0852e-02
3.4674e+08,9.8114e-01,1.0744e-02
3.5892e+08,9.8137e-01,1.0636e-02
3.7154e+08,9.8161e-01,1.0529e-02
3.8459e+08,9.8184e-01,1.0423e-02
3.9811e+08,9.8207e-01,1.0318e-02
4.1210e+08,9.8230e-01,1.0213e-02
4.2658e+08,9.8252e-01,1.0108e-02
4.4157e+08,9.8275e-01,1.0005e-02
4.5709e+08,9.8297e-01,9.9018e-03
4.7315e+08,9.8319e-01,9.7996e-03
4.8978e+08,9.8340e-01,9.6981e-03
5.0699e+08,9.8362e-01,9.5972e-03
5.2481e+08,9.8383e-01,9.4970e-03
5.4325e+08,9.8404e-01,9.3975e-03
5.6234e+08,9.8425e-01,9.2987e-03
5.8210e+08,9.8445e-01,9.2006e-03
6.0256e+08,9.8466e-01,9.1032e-03
6.2373e+08,9.8486e-01,9.0064e-03
6.4565e+08,9.8506e-01,8.9103e-03
6.6834e+08,9.8525e-01,8.8150e-03
6.9183e+08,9.8545e-01,8.7203e-03
7.1614e+08,9.8564e-01,8.6263e-03
7.4131e+08,9.8583e-01,8.5329e-03
7.6736e+08,9.8602e-01,8.4403e-03
7.9433e+08,9.8620e-01,8.3483e-03
8.2224e+08,9.8639e-01,8.2571e-03
8.5114e+08,9.8657e-01,8.1665e-03
8.8105e+08,9.8675e-01,8.0766e-03
9.1201e+08,9.8693e-01,7.9874e-03
9.4406e+08,9.8710e-01,7.8989e-03
9.7724e+08,9.8728e-01,7.8110e-03
1.0116e+09,9.8745e-01,7.7238e-03
1.0471e+09,9.8762e-01,7.6374e-03
1.0839e+09,9.8779e-01,7.5516e-03
1.1220e+09,9.8796e-01,7.4664e-03
1.1614e+09,9.8812e-01,7.3820e-03
1.2023e+09,9.8828e-01,7.2982e-03
1.2445e+09,9.8844e-01,7.2151e-03
1.2882e+09,9.8860e-01,7.1327e-03
1.3335e+09,9.8876e-01,7.0510e-03
1.3804e+09,9.8891e-01,6.9699e-03
1.4289e+09,9.8907e-01,6.8895e-03
1.4791e+09,9.8922e-01,6.8098e-03
1.5311e+09,9.8937e-01,6.7308e-03
1.5849e+09,9.8952e-01,6.6524e-03
1.6406e+09,9.8966e-01,6.5746e-03
1.6982e+09,9.8981e-01,6.4976e-03
1.7579e+09,9.8995e-01,6.4212e-03
1.8197e+09,9.9009e-01,6.3454e-03
1.8836e+09,9.9023e-01,6.2703e-03
1.9498e+09,9.9037e-01,6.1959e-03
2.0184e+09,9.9051e-01,6.1221e-03
2.0893e+09,9.9064e-01,6.0490e-03
2.1627e+09,9.9078e-01,5.9765e-03
2.2387e+09,9.9091e-01,5.9047e-03
2.3174e+09,9.9104e-01,5.8335e-03
2.3988e+09,9.9117e-01,5.7629e-03
2.4831e+09,9.9129e-01,5.6930e-03
2.5704e+09,9.9142e-01,5.6238e-03
2.6607e+09,9.9154e-01,5.5551e-03
2.7542e+09,9.9166e-01,5.4871e-03
2.8510e+09,9.9178e-01,5.4198e-03
2.9512e+09,9.9190e-01,5.3530e-03
3.0549e+09,9.9202e-01,5.2869e-03
3.1623e+09,9.9214e-01,5.2214e-03
3.2734e+09,9.9225e-01,5.1565e-03
3.3884e+09,9.9236e-01,5.0923e-03
3.5075e+09,9.9248e-01,5.0286e-03
3.6308e+09,9.9259e-01,4.9656e-03
3.7584e+09,9.9270e-01,4.9032e-03
3.8905e+09,9.9280e-01,4.8413e-03
4.0272e+09,9.9291e-01,4.7801e-03
4.1687e+09,9.9302e-01,4.7195e-03
4.3152e+09,9.9312e-01,4.6595e-03
4.4668e+09,9.9322e-01,4.6000e-03
4.6238e+09,9.9332e-01,4.5412e-03
4.7863e+09,9.9342e-01,4.4829e-03
4.9545e+09,9.9352e-01,4.4253e-03
5.1286e+09,9.9362e-01,4.3682e-03
5.3088e+09,9.9371e-01,4.3117e-03
5.4954e+09,9.9381e-01,4.2557e-03
5.6885e+09,9.9390e-01,4.2003e-03
5.8884e+09,9.9399e-01,4.1455e-03
6.0954e+09,9.9409e-01,4.0913e-03
6.3096e+09,9.9417e-01,4.0376e-03
6.5313e+09,9.9426e-01,3.9845e-03
6.7608e+09,9.9435e-01,3.9319e-03
6.9984e+09,9.9444e-01,3.8799e-03
7.2444e+09,9.9452e-01,3.8285e-03
7.4989e+09,9.9461e-01,3.7776e-03
7.7625e+09,9.9469e-01,3.7272e-03
8.0353e+09,9.9477e-01,3.6773e-03
8.3176e+09,9.9485e-01,3.6280e-03
8.6099e+09,9.9493e-01,3.5792e-03
8.9125e+09,9.9501e-01,3.5310e-03
9.2257e+09,9.9509e-01,3.4833e-03
9.5499e+09,9.9516e-01,3.4361e-03
9.8855e+09,9.9524e-01,3.3894e-03
1.0233e+10,9.9531e-01,3.3432e-03
1.0593e+10,9.9539e-01,3.2975e-03
1.0965e+10,9.9546e-01,3.2524e-03
1.1350e+10,9.9553e-01,3.2077e-03
1.1749e+10,9.9560e-01,3.1635e-03
1.2162e+10,9.9567e-01,3.1199e-03
1.2589e+10,9.9574e-01,3.0767e-03
1.3032e+10,9.9581e-01,3.0340e-03
1.3490e+10,9.9587e-01,2.9918e-03
1.3964e+10,9.9594e-01,2.9501e-03
1.4454e+10,9.9600e-01,2.9088e-03
1.4962e+10,9.9607e-01,2.8681e-03
1.5488e+10,9.9613e-01,2.8278e-03
1.6032e+10,9.9619e-01,2.7879e-03
1.6596e+10,9.9625e-01,2.7486e-03
1.7179e+10,9.9631e-01,2.7096e-03
1.7783e+10,9.9637e-01,2.6712e-03
1.8408e+10,9.9643e-01,2.6332e-03
1.9055e+10,9.9649e-01,2.5956e-03
1.9724e+10,9.9655e-01,2.5585e-03
2.0417e+10,9.9660e-01,2.5218e-03
2.1135e+10,9.9666e-01,2.4856e-03
2.1878e+10,9.9671e-01,2.4498e-03
2.2646e+10,9.9676e-01,2.4144e-03
2.3442e+10,9.9682e-01,2.3794e-03
2.4266e+10,9.9687e-01,2.3449e-03
2.5119e+10,9.9692e-01,2.3108e-03
2.6002e+10,9.9697e-01,2.2771e-03
2.6915e+10,9.9702e-01,2.2438e-03
2.7861e+10,9.9707e-01,2.2109e-03
2.8840e+10,9.9712e-01,2.1784e-03
2.9854e+10,9.9717e-01,2.1464e-03
3.0903e+10,9.9721e-01,2.1147e-03
3.1989e+10,9.9726e-01,2.0834e-03
3.3113e+10,9.9731e-01,2.0525e-03
3.4277e+10,9.9735e-01,2.0220e-03
3.5481e+10,9.9739e-01,1.9919e-03
3.6728e+10,9.9744e-01,1.9622e-03
3.8019e+10,9.9748e-01,1.9328e-03
3.9355e+10,9.9752e-01,1.9038e-03
4.0738e+10,9.9756e-01,1.8752e-03
4.2170e+10,9.9761e-01,1.8469e-03
4.3652e+10,9.9765e-01,1.8190e-03
4.5186e+10,9.9769e-01,1.7915e-03
4.6774e+10,9.9773e-01,1.7643e-03
4.8417e+10,9.9776e-01,1.7375e-03
5.0119e+10,9.9780e-01,1.7110e-03
5.1880e+10,9.9784e-01,1.6848e-03
5.3703e+10,9.9788e-01,1.6590e-03
5.5590e+10,9.9791e-01,1.6336e-03
5.7544e+10,9.9795e-01,1.6084e-03
5.9566e+10,9.9798e-01,1.5836e-03
6.1660e+10,9.9802e-01,1.5592e-03
6.3826e+10,9.9805e-01,1.5350e-03
6.6069e+10,9.9809e-01,1.5112e-03
6.8391e+10,9.9812e-01,1.4877e-03
7.0795e+10,9.9815e-01,1.4645e-03
7.3282e+10,9.9818e-01,1.4416e-03
7.5858e+10,9.9821e-01,1.4191e-03
7.8524e+10,9.9825e-01,1.3968e-03
8.1283e+10,9.9828e-01,1.3748e-03
8.4140e+10,9.9831e-01,1.3532e-03
8.7096e+10,9.9834e-01,1.3318e-03
9.0157e+10,9.9836e-01,1.3107e-03
9.3325e+10,9.9839e-01,1.2899e-03
9.6605e+10,9.9842e-01,1.2694e-03
1.0000e+11,9.9845e-01,1.2492e-03
